,default,conta_corrente,prazo_emprestimo_meses,historico_credito,proposito_emprestimo,valor_emprestimo,reserva_cc,tempo_emprego_atual,taxa_comp_salario,sexo_est_civil,outros_fiadores,anos_residencia_atual,propriedade,idade,outros_planos_financiamento,tipo_residencia,n_creditos_banco,status_emprego,n_dependentes,telefone,trabalhador_estrangeiro,sexo,job,faixa_idade,faixa_emprestimo,faixa_valor_emprestimo
0,0,1,6,1,4,1169,4,0,4,3,2,4,2,67,1,1,2,1,1,1,1,1,1,5,1,2
1,1,0,48,3,4,5951,1,2,2,0,2,2,2,22,1,1,1,1,1,0,1,0,1,1,4,6
2,0,3,12,1,0,2096,1,3,2,3,2,3,2,49,1,1,1,3,2,0,1,1,1,3,1,3
3,0,1,42,3,7,7882,1,3,2,3,1,4,0,45,1,0,1,1,2,0,1,1,1,3,4,8
4,1,1,24,2,2,4870,1,2,3,3,2,4,3,53,1,0,2,1,2,0,1,1,1,4,2,5
5,0,3,36,3,0,9055,4,2,2,3,2,4,3,35,1,0,1,3,2,1,1,1,1,2,3,10
6,0,3,24,3,7,2835,3,0,3,3,2,4,0,53,1,1,1,1,1,0,1,1,1,4,2,3
7,0,0,36,3,3,6948,1,2,2,3,2,2,1,35,1,2,1,0,1,1,1,1,1,2,3,7
8,0,3,12,3,4,3059,0,3,2,1,2,4,2,61,1,1,1,3,1,0,1,1,1,5,1,4
9,1,0,30,1,2,5234,1,4,4,2,2,2,1,28,1,1,2,0,1,0,1,1,1,1,3,6
10,1,0,12,3,2,1295,1,1,3,0,2,1,1,25,1,2,1,1,1,0,1,0,1,1,1,2
11,1,1,48,3,1,4308,1,1,3,0,2,4,0,24,1,2,1,1,1,0,1,0,1,1,4,5
12,0,0,12,3,4,1567,1,2,1,0,2,1,1,22,1,1,1,1,1,1,1,0,1,1,1,2
13,1,1,24,1,2,1199,1,0,4,3,2,4,1,60,1,1,2,3,1,0,1,1,1,4,2,2
14,0,1,15,3,2,1403,1,2,2,0,2,4,1,28,1,2,1,1,1,0,1,0,1,1,2,2
15,1,1,24,3,4,1282,2,2,4,0,2,2,1,32,1,1,1,3,1,0,1,0,1,2,2,2
16,0,3,24,1,4,2424,4,0,4,3,2,4,0,53,1,1,2,1,1,0,1,1,1,4,2,3
17,0,1,30,4,1,8072,4,1,2,3,2,3,1,25,0,1,3,1,1,0,1,1,1,1,3,9
18,1,0,24,3,3,12579,1,0,4,0,2,2,3,44,1,0,1,0,1,1,1,0,1,3,2,13
19,0,3,24,3,4,3430,3,0,3,3,2,2,1,31,1,1,1,1,2,1,1,1,1,2,2,4
20,0,3,9,1,2,2134,1,2,4,3,2,4,1,48,1,1,3,1,1,1,1,1,1,3,1,3
21,0,1,6,3,4,2647,3,2,2,3,2,3,2,44,1,2,1,1,2,0,1,1,1,3,1,3
22,0,1,10,1,2,2241,1,1,1,3,2,3,2,48,1,2,2,3,2,0,0,1,1,3,1,3
23,0,0,12,1,3,1804,2,1,3,3,2,4,0,44,1,1,1,1,1,0,1,1,1,3,1,2
24,0,3,10,1,7,2069,4,2,2,2,2,1,1,26,1,1,2,1,1,0,0,1,1,1,1,3
25,0,1,6,3,7,1374,1,2,1,3,2,2,2,36,0,1,1,3,1,1,1,1,1,2,1,2
26,0,3,6,4,4,426,1,0,4,2,2,4,1,39,1,1,1,3,1,0,1,1,1,2,1,1
27,0,2,12,0,4,409,0,2,3,0,2,3,2,42,1,2,2,1,1,0,1,0,1,3,1,1
28,0,0,7,3,4,2415,1,2,3,3,1,2,2,34,1,1,1,1,1,0,1,1,1,2,1,3
29,1,1,60,2,1,6836,1,0,3,3,2,4,3,63,1,1,2,1,1,1,1,1,1,5,5,7
30,0,0,18,3,1,1913,0,1,3,2,2,3,2,36,0,1,1,1,1,1,1,1,1,2,2,2
31,0,1,24,3,7,4020,1,2,2,3,2,2,1,27,2,1,1,1,1,0,1,1,1,1,2,5
32,0,0,18,3,2,5866,2,2,2,3,2,2,1,30,1,1,2,1,1,1,1,1,1,1,2,6
33,0,3,12,1,1,1264,4,0,4,3,2,4,3,57,1,2,1,3,1,0,1,1,1,4,1,2
34,0,2,12,3,7,1474,1,1,4,0,2,1,0,33,0,1,1,0,1,1,1,0,1,2,1,2
35,1,0,45,1,4,4746,1,1,4,3,2,2,0,25,1,1,2,3,1,0,1,1,1,1,4,5
36,0,3,48,1,0,6110,1,2,1,3,2,3,3,31,0,0,1,1,1,1,1,1,1,2,4,7
37,1,2,18,3,4,2100,1,2,4,3,0,2,2,37,2,1,1,1,1,0,1,1,1,2,2,3
38,0,2,10,3,8,1225,1,2,2,3,2,2,1,37,1,1,1,1,1,1,1,1,1,2,1,2
39,0,0,9,3,4,458,1,2,4,3,2,3,2,24,1,1,1,1,1,0,1,1,1,1,1,1
40,0,3,30,3,4,2333,3,0,4,3,2,2,1,30,0,1,1,0,1,0,1,1,1,1,3,3
41,0,0,12,3,4,1158,3,2,3,1,2,1,1,26,1,1,1,1,1,1,1,1,1,1,1,2
42,0,0,18,2,5,6204,1,2,2,3,2,4,2,44,1,1,1,3,2,1,1,1,1,3,2,7
43,0,1,30,1,3,6187,2,3,1,2,2,4,1,24,1,2,2,1,1,0,1,1,1,1,3,7
44,1,1,48,1,3,6143,1,0,4,0,2,4,3,58,2,0,2,3,1,0,1,0,1,4,4,7
45,0,3,11,1,2,1393,1,1,4,0,2,4,1,35,1,1,2,0,1,0,1,0,1,2,1,2
46,0,3,36,3,4,2299,3,0,4,3,2,4,1,39,1,1,1,1,1,0,1,1,1,2,3,3
47,0,1,6,3,3,1352,3,4,1,0,2,2,0,23,1,2,1,2,1,1,1,0,0,1,1,2
48,0,3,11,1,2,7228,1,2,1,3,2,4,0,39,1,1,2,3,1,0,1,1,1,2,1,8
49,0,3,12,3,4,2073,2,2,4,0,0,2,2,28,1,1,1,1,1,0,1,0,1,1,1,3
50,0,0,24,2,7,2333,4,1,4,3,2,2,0,29,0,1,1,3,1,0,1,1,1,1,2,3
51,0,0,27,2,3,5965,1,0,1,3,2,2,1,30,1,1,2,0,1,1,1,1,1,1,3,6
52,0,3,12,3,4,1262,1,2,3,3,2,2,1,25,1,1,1,1,1,0,1,1,1,1,1,2
53,0,3,18,3,3,3378,4,2,2,3,2,1,0,31,1,1,1,1,1,1,1,1,1,2,2,4
54,1,0,36,2,2,2225,1,0,4,3,2,4,3,57,0,0,2,1,1,1,1,1,1,4,3,3
55,0,3,6,0,2,783,4,2,1,3,1,2,2,26,2,1,1,3,2,0,1,1,1,1,1,1
56,1,0,12,3,4,6468,4,4,2,3,2,1,3,52,1,1,1,0,1,1,1,1,1,4,1,7
57,0,3,36,1,4,9566,1,2,2,0,2,2,1,31,2,1,2,1,1,0,1,0,1,2,3,10
58,0,2,18,3,2,1961,1,0,3,0,2,2,1,23,1,1,1,0,1,0,1,0,1,1,2,2
59,1,1,36,1,7,6229,1,1,4,0,0,4,3,23,1,2,2,3,1,1,1,0,1,1,3,7
60,0,0,9,3,1,1391,1,2,2,2,2,1,2,27,0,1,1,1,1,1,1,1,1,1,1,2
61,0,0,15,1,4,1537,4,0,4,3,1,4,2,50,1,1,2,1,1,1,1,1,1,3,2,2
62,1,0,36,4,1,1953,1,0,4,3,2,4,3,61,1,0,1,0,1,1,1,1,1,5,3,2
63,1,0,48,4,1,14421,1,2,2,3,2,2,1,25,1,1,1,1,1,1,1,1,1,1,4,15
64,0,3,24,3,4,3181,1,1,4,0,2,4,0,26,1,1,1,1,1,1,1,0,1,1,2,4
65,0,3,27,3,5,5190,4,0,4,3,2,4,0,48,1,1,4,1,2,1,1,1,1,3,3,6
66,0,3,12,3,4,2171,1,1,2,0,2,2,1,29,0,1,1,1,1,0,1,0,1,1,1,3
67,0,0,12,3,2,1007,0,2,4,2,2,1,2,22,1,1,1,1,1,0,1,1,1,1,1,2
68,1,3,36,3,0,1819,1,2,4,3,2,4,3,37,2,0,1,1,1,1,1,1,1,2,3,2
69,0,3,36,3,4,2394,4,2,4,0,2,4,1,25,1,1,1,1,1,0,1,0,1,1,3,3
70,0,3,36,3,3,8133,1,2,1,0,2,2,0,30,0,1,1,1,1,0,1,0,1,1,3,9
71,0,3,7,1,4,730,4,0,4,3,2,2,0,46,1,2,2,3,1,1,1,1,1,3,1,1
72,0,1,8,1,6,1164,1,0,3,3,2,4,3,51,0,0,2,0,2,1,1,1,1,4,1,2
73,0,0,42,1,1,5954,1,3,2,0,2,1,2,41,0,1,2,3,1,0,1,0,1,3,4,6
74,1,1,36,3,0,1977,4,0,4,3,2,4,3,40,1,1,1,0,1,1,1,1,1,2,3,2
75,0,1,12,1,3,1526,1,0,4,3,2,4,3,66,1,0,2,0,1,0,1,1,1,5,1,2
76,1,1,42,3,4,3965,1,1,4,3,2,3,1,34,1,1,1,1,1,0,1,1,1,2,4,4
77,0,0,11,2,4,4771,1,3,2,3,2,4,0,51,1,1,1,1,1,0,1,1,1,4,1,5
78,0,3,54,4,3,9436,4,2,2,3,2,2,0,39,1,1,1,3,2,0,1,1,1,2,5,10
79,0,0,30,3,7,3832,1,1,2,2,2,1,0,22,1,1,1,1,1,0,1,1,1,1,3,4
80,1,3,24,3,4,5943,4,1,1,0,2,1,1,44,1,1,2,1,1,1,1,0,1,3,2,6
81,0,3,15,3,4,1213,3,0,4,3,2,3,0,47,2,1,1,1,1,1,1,1,1,3,2,2
82,0,3,18,3,1,1568,2,2,3,0,2,4,0,24,1,2,1,3,1,0,1,0,1,1,2,2
83,0,1,24,3,6,1755,1,0,4,0,1,4,2,58,1,1,1,3,1,1,1,0,1,4,2,2
84,0,1,10,3,4,2315,1,0,3,3,2,4,2,52,1,1,1,3,1,0,1,1,1,4,1,3
85,0,3,12,1,1,1412,1,2,4,0,1,2,2,29,1,1,2,0,1,1,1,0,1,1,1,2
86,0,0,18,1,7,1295,1,1,4,0,2,1,0,27,1,1,2,1,1,0,1,0,1,1,2,2
87,1,0,36,3,0,12612,2,2,1,3,2,4,3,47,1,0,1,1,2,1,1,1,1,3,3,13
88,0,1,18,3,2,2249,2,3,4,3,2,3,1,30,1,1,1,0,2,1,1,1,1,1,2,3
89,1,1,12,4,5,1108,1,3,4,3,2,3,2,28,1,1,2,1,1,0,1,1,1,1,1,2
90,0,3,12,1,4,618,1,0,4,3,2,4,2,56,1,1,1,1,1,0,1,1,1,4,1,1
91,0,1,12,1,3,1409,1,0,4,3,2,3,2,54,1,1,1,1,1,0,1,1,1,4,1,2
92,1,3,12,1,4,797,4,0,4,0,2,3,0,33,0,1,1,3,2,0,1,0,1,2,1,1
93,0,2,24,1,7,3617,4,0,4,3,0,4,3,20,1,2,2,1,1,0,1,1,1,1,2,4
94,0,0,12,3,2,1318,0,0,4,3,2,4,2,54,1,1,1,1,1,1,1,1,1,4,1,2
95,1,0,54,4,1,15945,1,1,3,3,2,4,3,58,1,2,1,1,1,1,1,1,1,4,5,16
96,0,3,12,1,0,2012,4,3,4,0,2,2,1,61,1,1,1,1,1,0,1,0,1,5,1,3
97,0,0,18,3,1,2622,2,2,4,3,2,4,1,34,1,1,1,1,1,0,1,1,1,2,2,3
98,0,0,36,1,4,2337,1,0,4,3,2,4,2,36,1,1,1,1,1,0,1,1,1,2,3,3
99,0,0,20,2,3,7057,4,3,3,3,2,4,0,36,0,2,2,0,2,1,1,1,1,2,2,8
100,0,3,24,3,2,1469,2,0,4,2,2,4,2,41,1,2,1,3,1,0,1,1,1,3,2,2
101,0,0,36,3,4,2323,1,3,4,3,2,4,1,24,1,2,1,1,1,0,1,1,1,1,3,3
102,0,3,6,2,4,932,1,2,3,0,2,2,2,24,1,1,1,1,1,0,1,0,1,1,1,1
103,0,0,9,1,7,1919,1,3,4,3,2,3,1,35,1,2,1,1,1,1,1,1,1,2,1,2
104,0,3,12,3,3,2445,4,1,2,2,2,4,1,26,1,2,1,1,1,1,1,1,1,1,1,3
105,1,0,24,1,6,11938,1,2,2,3,0,3,1,39,1,1,2,0,2,1,1,1,1,2,2,12
106,1,3,18,0,2,6458,1,0,2,3,2,4,3,39,0,1,2,0,2,1,1,1,1,2,2,7
107,0,0,12,3,2,6078,1,3,2,3,2,2,1,32,1,1,1,1,1,0,1,1,1,2,1,7
108,0,1,24,3,7,7721,4,1,1,0,2,2,0,30,1,1,1,1,1,1,0,0,1,1,2,8
109,0,0,14,3,1,1410,3,0,1,2,2,2,2,35,1,1,1,1,1,1,1,1,1,2,2,2
110,0,0,6,2,1,1449,2,0,1,1,2,2,1,31,0,1,2,1,2,0,1,1,1,2,1,2
111,0,2,15,3,0,392,1,1,4,0,2,4,0,23,1,2,1,1,1,1,1,0,1,1,2,1
112,0,0,18,3,2,6260,1,3,3,3,2,3,2,28,1,2,1,3,1,0,1,1,1,1,2,7
113,1,3,36,1,2,7855,1,2,4,0,2,2,2,25,2,1,2,1,1,1,1,0,1,1,3,8
114,0,1,12,3,4,1680,3,0,3,2,2,1,2,35,1,1,1,1,1,0,1,1,1,2,1,2
115,0,3,48,1,4,3578,4,0,4,3,2,1,2,47,1,1,1,1,1,1,1,1,1,3,4,4
116,1,1,42,3,4,7174,4,3,4,0,2,3,1,30,1,1,1,0,1,1,1,0,1,1,4,8
117,0,1,10,1,7,2132,4,1,2,0,0,3,2,27,1,2,2,1,1,0,0,0,1,1,1,3
118,1,1,33,1,7,4281,3,2,1,0,2,4,1,23,1,1,2,1,1,0,1,0,1,1,3,5
119,0,0,12,1,2,2366,3,3,3,1,2,3,1,36,1,1,1,0,1,1,1,1,1,2,1,3
120,1,1,21,3,4,1835,1,2,3,0,2,2,2,25,1,1,2,1,1,1,1,0,1,1,2,2
121,0,3,24,1,3,3868,1,0,4,0,2,2,1,41,1,2,2,0,1,1,1,0,1,3,2,4
122,0,3,12,3,7,1768,1,2,3,3,2,2,2,24,1,2,1,3,1,0,1,1,1,1,1,2
123,0,2,10,1,2,781,1,0,4,3,2,4,3,63,1,0,2,1,1,1,1,1,1,5,1,1
124,1,0,18,3,7,1924,4,1,4,0,2,3,2,27,1,2,1,1,1,0,1,0,1,1,2,2
125,0,1,12,1,2,2121,1,2,4,3,2,2,0,30,1,1,2,1,1,0,1,1,1,1,1,3
126,0,1,12,3,4,701,1,2,4,2,2,2,2,40,1,1,1,3,1,0,1,1,1,2,1,1
127,1,0,12,3,5,639,1,2,4,3,2,2,1,30,1,1,1,1,1,0,1,1,1,1,1,1
128,0,0,12,1,3,1860,1,4,4,3,2,2,1,34,1,1,2,0,1,1,1,1,1,2,1,2
129,1,1,12,1,2,3499,1,2,3,0,0,2,2,29,1,1,2,1,1,0,1,0,1,1,1,4
130,0,0,48,3,2,8487,4,3,1,0,2,2,1,24,1,1,1,1,1,0,1,0,1,1,4,9
131,1,1,36,2,0,6887,1,2,4,3,2,3,0,29,2,1,1,1,1,1,1,1,1,1,3,7
132,0,3,15,3,7,2708,1,1,2,3,2,3,0,27,0,1,2,3,1,0,1,1,1,1,2,3
133,0,3,18,3,7,1984,1,2,4,3,2,4,3,47,0,0,2,1,1,0,1,1,1,3,2,2
134,0,3,60,3,4,10144,2,3,2,0,2,4,2,21,1,1,1,1,1,1,1,0,1,1,5,11
135,0,3,12,1,4,1240,4,0,4,0,2,2,2,38,1,1,2,1,1,1,1,0,1,2,1,2
136,0,3,27,2,3,8613,0,2,2,3,2,2,1,27,1,1,2,1,1,0,1,1,1,1,3,9
137,1,0,12,3,4,766,3,2,4,3,2,3,2,66,1,1,1,3,1,0,1,1,1,5,1,1
138,0,0,15,1,4,2728,4,3,4,3,1,2,2,35,0,1,3,1,1,1,1,1,1,2,2,3
139,0,2,12,3,4,1881,1,2,2,0,2,2,1,44,1,2,1,3,1,1,1,0,1,3,1,2
140,0,2,6,3,2,709,0,1,2,2,2,2,2,27,1,1,1,2,1,0,0,1,0,1,1,1
141,0,0,36,3,4,4795,1,1,4,0,2,1,3,30,1,1,1,0,1,1,1,0,1,1,3,5
142,0,1,27,3,4,3416,1,2,3,3,2,2,1,27,1,1,1,0,1,0,1,1,1,1,3,4
143,1,1,18,3,7,2462,1,2,2,3,2,2,1,22,1,1,1,1,1,0,1,1,1,1,2,3
144,0,3,21,1,7,2288,1,1,4,0,2,4,0,23,1,1,1,1,1,1,1,0,1,1,2,3
145,0,0,48,0,1,3566,2,3,4,3,2,2,1,30,1,1,1,1,1,0,1,1,1,1,4,4
146,0,1,6,1,2,860,1,0,1,0,2,4,3,39,1,1,2,1,1,1,1,0,1,2,1,1
147,0,3,12,1,2,682,2,3,4,0,2,3,1,51,1,1,2,1,1,1,1,0,1,4,1,1
148,0,1,36,1,7,5371,1,2,3,3,1,2,0,28,1,1,2,1,1,0,1,1,1,1,3,6
149,0,3,18,1,4,1582,0,0,4,3,2,4,1,46,1,1,2,1,1,0,1,1,1,3,2,2
150,0,3,6,3,4,1346,2,0,2,3,2,4,3,42,0,0,1,1,2,1,1,1,1,3,1,2
151,0,3,10,3,4,1924,1,2,1,3,2,4,0,38,1,1,1,1,1,1,0,1,1,2,1,2
152,0,2,36,3,4,5848,1,2,4,3,2,1,1,24,1,1,1,1,1,0,1,1,1,1,3,6
153,0,0,24,1,3,7758,0,0,2,0,2,4,3,29,1,2,1,1,1,0,1,0,1,1,2,8
154,0,0,24,2,1,6967,2,3,4,3,2,4,1,36,1,2,1,0,1,1,1,1,1,2,2,7
155,1,1,12,3,7,1282,1,2,2,0,2,4,1,20,1,2,1,1,1,0,1,0,1,1,1,2
156,0,1,9,1,5,1288,2,0,3,3,1,4,2,48,1,1,2,1,2,0,0,1,1,3,1,2
157,0,1,12,0,9,339,1,0,4,2,2,1,1,45,0,1,1,3,1,0,1,1,1,3,1,1
158,0,0,24,3,2,3512,2,3,2,3,2,3,1,38,0,1,2,1,1,1,1,1,1,2,2,4
159,0,3,6,1,4,1898,4,2,1,3,2,2,2,34,1,1,2,3,2,0,1,1,1,2,1,2
160,0,3,24,1,4,2872,2,0,3,3,2,4,2,36,1,1,1,1,2,1,1,1,1,2,2,3
161,0,3,18,1,2,1055,1,1,4,0,2,1,0,30,1,1,2,1,1,0,1,0,1,1,2,2
162,0,3,15,3,8,1262,3,3,4,3,2,3,0,36,1,1,2,1,1,1,1,1,1,2,2,2
163,0,0,10,3,2,7308,1,4,2,3,2,4,3,70,0,0,1,0,1,1,1,1,1,5,1,8
164,0,3,36,3,2,909,3,0,4,3,2,4,0,36,1,1,1,1,1,0,1,1,1,2,3,1
165,0,3,6,3,7,2978,3,2,1,3,2,2,1,32,1,1,1,1,1,1,1,1,1,2,1,3
166,1,1,18,3,7,1131,1,4,4,0,2,2,1,33,1,1,1,1,1,0,1,0,1,2,2,2
167,0,0,11,3,7,1577,0,1,4,0,2,1,2,20,1,1,1,1,1,0,1,0,1,1,1,2
168,0,3,24,3,7,3972,1,3,2,0,2,4,0,25,1,2,1,1,1,1,1,0,1,1,2,4
169,1,0,24,1,1,1935,1,0,4,1,2,4,2,31,1,1,2,1,1,1,1,1,1,2,2,2
170,1,1,15,4,2,950,1,0,4,3,2,3,1,33,1,2,2,1,2,0,1,1,1,2,2,1
171,0,3,12,3,7,763,1,2,4,0,2,1,2,26,1,1,1,1,1,1,1,0,1,1,1,1
172,1,0,24,2,7,2064,1,4,3,0,2,2,0,34,1,1,1,0,1,1,1,0,1,2,2,3
173,0,0,8,3,4,1414,1,2,4,3,1,2,2,33,1,1,1,1,1,0,0,1,1,2,1,2
174,1,1,21,2,0,3414,1,1,2,3,2,1,0,26,1,1,2,1,1,0,1,1,1,1,2,4
175,1,3,30,0,3,7485,4,4,4,0,2,1,2,53,0,1,1,0,1,1,1,0,1,4,3,8
176,0,1,12,3,7,2577,1,2,2,1,2,1,1,42,1,1,1,1,1,0,1,1,1,3,1,3
177,0,1,6,1,4,338,3,0,4,3,2,4,1,52,1,1,2,1,1,0,1,1,1,4,1,1
178,0,3,12,3,4,1963,1,3,4,3,2,2,1,31,1,2,2,0,2,1,1,1,1,2,1,2
179,0,1,21,1,2,571,1,0,4,3,2,4,2,65,1,1,2,1,1,0,1,1,1,5,2,1
180,1,3,36,2,1,9572,1,1,1,1,2,1,1,28,1,1,2,1,1,0,1,1,1,1,3,10
181,1,0,36,2,1,4455,1,2,2,1,2,2,2,30,2,1,2,0,1,1,1,1,1,1,3,5
182,1,1,21,0,2,1647,4,2,4,3,2,2,0,40,1,1,2,3,2,0,1,1,1,2,2,2
183,0,3,24,1,7,3777,0,2,4,3,2,4,2,50,1,1,1,1,1,1,1,1,1,3,2,4
184,1,0,18,1,2,884,1,0,4,3,2,4,1,36,0,1,1,1,2,1,1,1,1,2,2,1
185,0,3,15,1,4,1360,1,2,4,3,2,2,0,31,1,1,2,1,1,0,1,1,1,2,2,2
186,1,0,9,0,3,5129,1,0,2,0,2,4,3,74,0,0,1,0,2,1,1,0,1,6,1,6
187,0,0,16,1,2,1175,1,4,2,3,2,3,1,68,1,0,3,2,1,1,1,1,0,5,2,2
188,1,1,12,3,4,674,2,3,4,2,2,1,0,20,1,1,1,1,1,0,1,1,1,1,1,1
189,0,0,18,4,7,3244,1,2,1,0,2,4,1,33,0,1,2,1,1,1,1,0,1,2,2,4
190,1,3,24,3,1,4591,0,2,2,3,2,3,0,54,1,1,3,0,1,1,1,1,1,4,2,5
191,1,0,48,4,1,3844,2,3,4,3,2,4,3,34,1,0,1,3,2,0,1,1,1,2,4,4
192,1,0,27,3,1,3915,1,2,4,3,2,2,1,36,1,1,1,1,2,1,1,1,1,2,3,4
193,0,3,6,3,4,2108,1,3,2,2,2,2,2,29,1,2,1,1,1,0,1,1,1,1,1,3
194,1,0,45,3,4,3031,2,2,4,3,1,4,0,21,1,2,1,1,1,0,1,1,1,1,4,4
195,1,0,9,1,0,1501,1,0,2,0,2,3,1,34,1,1,2,0,1,1,1,0,1,2,1,2
196,0,3,6,1,4,1382,1,2,1,0,2,1,1,28,1,1,2,1,1,1,1,0,1,1,1,2
197,1,0,12,3,7,951,2,1,4,0,2,4,1,27,0,2,4,1,1,0,1,0,1,1,1,1
198,0,0,24,3,3,2760,4,0,4,3,2,4,3,36,0,0,1,1,1,1,1,1,1,2,2,3
199,1,0,18,2,7,4297,1,0,4,1,2,3,3,40,1,1,1,0,1,1,1,1,1,2,2,5
200,0,3,9,1,0,936,3,0,4,3,2,2,1,52,1,1,2,1,1,1,1,1,1,4,1,1
201,0,1,12,3,2,1168,1,2,4,2,2,3,2,27,1,1,1,3,1,0,1,1,1,1,1,2
202,0,3,27,2,1,5117,1,3,3,3,2,4,1,26,1,1,2,1,1,0,1,1,1,1,3,6
203,1,1,12,3,9,902,1,3,4,2,2,4,0,21,1,2,1,1,1,0,1,1,1,1,1,1
204,0,3,12,1,2,1495,1,0,4,3,2,1,2,38,1,1,2,3,2,0,1,1,1,2,1,2
205,0,1,30,1,3,10623,1,0,3,3,2,4,3,38,1,0,3,0,2,1,1,1,1,2,3,11
206,0,3,12,1,7,1935,1,0,4,3,2,4,2,43,1,1,3,1,1,1,1,1,1,3,1,2
207,0,0,12,1,8,1424,1,3,4,3,2,3,0,26,1,1,1,1,1,0,1,1,1,1,1,2
208,0,1,24,3,1,6568,1,2,2,2,2,2,1,21,2,1,1,3,1,0,1,1,1,1,2,7
209,0,3,12,3,3,1413,0,3,3,3,2,2,0,55,1,1,1,1,1,0,0,1,1,4,1,2
210,0,3,9,1,4,3074,4,2,1,3,2,2,2,33,1,1,2,1,2,0,1,1,1,2,1,4
211,0,3,36,3,4,3835,4,0,2,0,2,4,2,45,1,1,1,3,1,1,1,0,1,3,3,4
212,1,1,27,4,1,5293,1,4,2,3,2,4,0,50,2,1,2,1,1,1,1,1,1,3,3,6
213,1,2,30,2,1,1908,1,0,4,3,2,4,2,66,1,1,1,0,1,1,1,1,1,5,3,2
214,0,3,36,1,4,3342,4,0,4,3,2,2,1,51,1,1,1,1,1,1,1,1,1,4,3,4
215,0,0,6,1,9,932,4,3,1,0,2,3,0,39,1,1,2,3,1,0,1,0,1,2,1,1
216,0,1,18,4,1,3104,1,3,3,3,2,1,0,31,0,1,1,1,1,1,1,1,1,2,2,4
217,0,2,36,3,4,3913,1,2,2,3,2,2,2,23,1,1,1,1,1,1,1,1,1,1,3,4
218,0,1,24,3,7,3021,1,2,2,1,2,2,2,24,1,2,1,3,1,0,1,1,1,1,2,4
219,0,3,10,3,2,1364,1,2,2,0,2,4,1,64,1,1,1,1,1,1,1,0,1,5,1,2
220,0,0,12,3,4,625,1,1,4,2,1,1,2,26,0,1,1,3,1,0,1,1,1,1,1,1
221,0,1,12,3,0,1200,4,2,4,0,2,4,0,23,0,2,1,1,1,1,1,0,1,1,1,2
222,0,3,12,3,4,707,1,2,4,3,2,2,2,30,0,1,2,1,1,0,1,1,1,1,1,1
223,0,3,24,2,1,2978,4,2,4,3,2,4,2,32,1,1,2,1,2,1,1,1,1,2,2,3
224,0,3,15,3,3,4657,1,2,3,3,2,2,1,30,1,1,1,1,1,1,1,1,1,1,2,5
225,0,3,36,4,5,2613,1,2,4,3,2,2,1,27,1,1,2,1,1,0,1,1,1,1,3,3
226,1,0,48,3,4,10961,0,3,1,3,0,2,3,27,0,1,2,1,1,1,1,1,1,1,4,11
227,1,1,12,3,7,7865,1,0,4,3,2,4,3,53,1,0,1,0,1,1,1,1,1,4,1,8
228,1,3,9,3,4,1478,1,3,4,3,2,2,1,22,1,1,1,1,1,0,1,1,1,1,1,2
229,0,1,24,3,7,3149,1,1,4,3,2,1,3,22,0,0,1,1,1,0,1,1,1,1,2,4
230,1,2,36,3,4,4210,1,2,4,3,2,2,1,26,1,1,1,1,1,0,1,1,1,1,3,5
231,0,3,9,3,2,2507,3,0,2,3,2,4,3,51,1,0,1,3,1,0,1,1,1,4,1,3
232,0,3,12,3,4,2141,2,3,3,3,2,1,3,35,1,1,1,1,1,0,1,1,1,2,1,3
233,0,0,18,3,4,866,1,2,4,2,1,2,2,25,1,1,1,3,1,0,1,1,1,1,2,1
234,0,3,4,1,4,1544,1,3,2,3,2,1,2,42,1,1,3,3,2,0,1,1,1,3,1,2
235,1,1,24,3,4,1823,1,4,4,3,2,2,1,30,2,1,1,0,2,0,1,1,1,1,2,2
236,1,0,6,3,2,14555,4,4,1,3,2,2,0,23,1,1,1,2,1,1,1,1,0,1,1,15
237,1,0,21,3,1,2767,2,0,4,1,2,2,1,61,0,2,2,3,1,0,1,1,1,5,2,3
238,0,3,12,1,4,1291,1,2,4,0,2,2,0,35,1,1,2,1,1,0,1,0,1,2,1,2
239,0,1,30,3,4,2522,1,0,1,3,1,3,0,39,1,1,1,1,2,0,1,1,1,2,3,3
240,1,1,24,3,2,915,4,0,4,0,2,2,1,29,0,1,1,1,1,0,1,0,1,1,2,1
241,0,3,6,3,4,1595,1,3,3,3,2,2,0,51,1,1,1,1,2,0,1,1,1,4,1,2
242,1,1,48,4,3,4605,1,0,3,3,2,4,3,24,1,0,2,1,2,0,1,1,1,1,4,5
243,0,3,12,1,1,1185,1,2,3,0,2,2,2,27,1,1,2,1,1,0,1,0,1,1,1,2
244,0,3,12,0,9,3447,3,2,4,0,2,3,2,35,1,1,1,3,2,0,1,0,1,2,1,4
245,0,3,24,3,1,1258,1,3,4,3,2,1,2,25,1,1,1,1,1,1,1,1,1,1,2,2
246,0,3,12,1,4,717,1,0,4,3,2,4,2,52,1,1,3,1,1,0,1,1,1,4,1,1
247,0,3,6,4,2,1204,2,2,4,3,2,1,3,35,0,2,1,1,1,0,0,1,1,2,1,2
248,0,2,24,3,7,1925,1,2,2,3,2,2,2,26,1,1,1,1,1,0,1,1,1,1,2,2
249,1,3,18,3,4,433,1,4,3,0,0,4,2,22,1,2,1,1,1,0,1,0,1,1,2,1
250,0,1,6,1,2,666,0,3,3,0,2,4,2,39,1,1,2,3,1,1,1,0,1,2,1,1
251,0,2,12,3,7,2251,1,2,1,0,2,2,1,46,1,1,1,3,1,0,1,0,1,3,1,3
252,1,0,30,3,2,2150,1,2,4,0,1,2,3,24,0,1,1,1,1,0,1,0,1,1,3,3
253,0,3,24,2,7,4151,2,2,2,3,2,3,0,35,1,1,2,1,1,0,1,1,1,2,2,5
254,0,0,9,3,7,2030,4,3,2,3,2,1,1,24,1,1,1,1,1,1,1,1,1,1,1,3
255,0,0,60,2,4,7418,4,2,1,3,2,1,2,27,1,1,1,3,1,0,1,1,1,1,5,8
256,0,3,24,1,4,2684,1,2,4,3,2,2,2,35,1,1,2,3,1,0,1,1,1,2,2,3
257,1,1,12,0,4,2149,1,2,4,1,2,1,3,29,1,0,1,1,1,0,1,1,1,1,1,3
258,0,3,15,3,3,3812,2,1,1,0,2,4,1,23,1,1,1,1,1,1,1,0,1,1,2,4
259,0,3,11,1,4,1154,2,4,4,0,2,4,2,57,1,1,3,3,1,0,1,0,1,4,1,2
260,0,1,12,3,7,1657,1,2,2,3,2,2,2,27,1,1,1,1,1,0,1,1,1,1,1,2
261,0,1,24,3,4,1603,1,0,4,0,2,4,1,55,1,1,1,1,1,0,1,0,1,4,2,2
262,0,1,18,1,2,5302,1,0,2,3,2,4,3,36,1,0,3,0,1,1,1,1,1,2,2,6
263,0,3,12,1,0,2748,1,0,2,0,2,4,3,57,0,0,3,3,1,0,1,0,1,4,1,3
264,0,3,10,1,2,1231,1,0,3,3,2,4,2,32,1,1,2,3,2,0,0,1,1,2,1,2
265,1,0,15,3,4,802,1,0,4,3,2,3,1,37,1,1,1,1,2,0,1,1,1,2,2,1
266,0,3,36,1,1,6304,4,0,4,3,2,4,2,36,1,1,2,1,1,0,1,1,1,2,3,7
267,0,3,24,3,4,1533,1,1,4,0,2,3,1,38,2,1,1,1,1,1,1,0,1,2,2,2
268,1,1,14,3,2,8978,1,0,1,1,2,4,0,45,1,1,1,0,1,1,0,1,1,3,2,9
269,0,3,24,3,4,999,4,0,4,3,2,2,1,25,1,1,2,1,1,0,1,1,1,1,2,1
270,0,3,18,3,2,2662,4,3,4,3,2,3,0,32,1,1,1,1,1,0,0,1,1,2,2,3
271,0,3,12,1,7,1402,3,3,3,0,2,4,1,37,1,2,1,1,1,1,1,0,1,2,1,2
272,0,0,48,0,2,12169,4,4,4,3,0,4,3,36,1,0,1,0,1,1,1,1,1,2,4,13
273,1,0,48,3,4,3060,1,3,4,3,2,4,2,28,1,1,2,1,1,0,1,1,1,1,4,4
274,1,1,30,3,5,11998,1,1,1,1,2,1,3,34,1,1,1,3,1,1,1,1,1,2,3,12
275,0,3,9,3,4,2697,1,2,1,3,2,2,2,32,1,1,1,1,2,0,1,1,1,2,1,3
276,0,3,18,1,4,2404,1,2,2,0,2,2,1,26,1,1,2,1,1,0,1,0,1,1,2,3
277,0,1,12,3,7,1262,4,0,2,1,2,4,0,49,1,1,1,3,1,1,1,1,1,3,1,2
278,1,3,6,3,7,4611,1,1,1,0,2,4,0,32,1,1,1,1,1,0,1,0,1,2,1,5
279,0,3,24,3,4,1901,2,2,4,3,2,4,1,29,1,2,1,0,1,1,1,1,1,1,2,2
280,0,3,15,1,3,3368,0,0,3,3,2,4,3,23,1,2,2,1,1,1,1,1,1,1,2,4
281,0,3,12,3,7,1574,1,2,4,3,2,2,2,50,1,1,1,1,1,0,1,1,1,3,1,2
282,0,2,18,0,4,1445,4,3,4,3,2,4,1,49,0,1,1,3,1,0,1,1,1,3,2,2
283,0,3,15,1,7,1520,4,0,4,3,2,4,0,63,1,1,1,1,1,0,1,1,1,5,2,2
284,0,0,24,1,2,3878,2,1,4,1,2,2,1,37,1,1,1,1,1,1,1,1,1,2,2,4
285,0,1,47,3,2,10722,1,1,1,0,2,1,2,35,1,1,1,3,1,1,1,0,1,2,4,11
286,0,1,48,3,3,4788,1,3,4,3,2,3,0,26,1,1,1,1,2,0,1,1,1,1,4,5
287,0,0,48,2,6,7582,2,4,2,3,2,4,3,31,1,0,1,0,1,1,1,1,1,2,4,8
288,0,0,12,3,4,1092,1,2,4,0,1,4,2,49,1,1,2,1,1,1,1,0,1,3,1,2
289,1,1,24,2,4,1024,1,1,4,2,2,4,2,48,2,1,1,1,1,0,1,1,1,3,2,2
290,0,3,12,3,1,1076,1,2,2,2,2,2,2,26,1,1,1,1,1,1,0,1,1,1,1,2
291,1,0,36,3,3,9398,1,1,1,2,2,4,1,28,1,2,1,0,1,1,1,1,1,1,3,10
292,0,1,24,1,3,6419,1,0,2,0,2,4,3,44,1,0,2,0,2,1,1,0,1,3,2,7
293,0,2,42,1,3,4796,1,0,4,3,2,4,3,56,1,0,1,1,1,0,1,1,1,4,4,5
294,0,3,48,1,1,7629,4,0,4,1,2,2,1,46,0,1,2,0,2,0,1,1,1,3,4,8
295,1,0,48,3,7,9960,1,1,1,0,2,2,1,26,1,1,1,1,1,1,1,0,1,1,4,10
296,0,3,12,3,3,4675,4,1,1,0,2,4,1,20,1,2,1,1,1,0,1,0,1,1,1,5
297,0,3,10,3,2,1287,4,0,4,3,0,2,0,45,1,1,1,3,1,0,0,1,1,3,1,2
298,0,3,18,3,7,2515,1,2,3,3,2,4,2,43,1,1,1,1,1,1,1,1,1,3,2,3
299,0,0,21,1,7,2745,0,3,3,3,2,2,1,32,1,1,2,1,1,1,1,1,1,2,2,3
300,0,3,6,3,2,672,1,4,1,0,2,4,2,54,1,1,1,2,1,1,1,0,0,4,1,1
301,1,0,36,4,4,3804,1,2,4,0,2,1,1,42,1,1,1,1,1,1,1,0,1,3,3,4
302,1,2,24,1,2,1344,4,3,4,3,2,2,2,37,0,1,2,3,2,0,1,1,1,2,2,2
303,0,1,10,1,2,1038,1,3,4,3,0,3,0,49,1,1,2,1,1,1,1,1,1,3,1,2
304,1,3,48,1,2,10127,3,2,2,3,2,2,3,44,0,0,1,1,1,0,1,1,1,3,4,11
305,0,3,6,3,7,1543,0,2,4,1,2,2,2,33,1,1,1,1,1,0,1,1,1,2,1,2
306,0,3,30,3,3,4811,4,3,2,0,2,4,0,24,2,2,1,3,1,0,1,0,1,1,3,5
307,1,1,12,3,4,727,2,1,4,2,2,3,3,33,1,1,1,3,1,1,1,1,1,2,1,1
308,1,0,8,3,7,1237,1,2,3,0,2,4,2,24,1,1,1,1,1,0,1,0,1,1,1,2
309,0,0,9,3,2,276,1,2,4,2,2,4,2,22,1,2,1,3,1,0,1,1,1,1,1,1
310,0,0,48,3,6,5381,4,4,3,3,2,4,3,40,0,0,1,2,1,1,1,1,0,2,4,6
311,0,3,24,3,7,5511,2,2,4,3,2,1,1,25,2,1,1,1,1,0,1,1,1,1,2,6
312,0,2,24,3,7,3749,1,1,2,0,2,4,1,26,1,1,1,1,1,0,1,0,1,1,2,4
313,1,0,12,3,2,685,1,3,2,2,2,3,1,25,0,1,1,3,1,0,1,1,1,1,1,1
314,0,2,4,3,2,1494,4,1,1,3,2,2,2,29,1,1,1,3,2,0,0,1,1,1,1,2
315,1,1,36,0,7,2746,1,0,4,3,2,4,1,31,0,1,1,1,1,0,1,1,1,2,3,3
316,0,1,12,3,7,708,1,2,2,3,1,3,0,38,1,1,1,3,2,0,1,1,1,2,1,1
317,0,0,24,3,7,4351,4,2,1,0,2,4,0,48,1,1,1,3,1,1,1,0,1,3,2,5
318,0,3,12,1,0,701,1,2,4,3,2,2,1,32,1,1,2,1,1,0,1,1,1,2,1,1
319,0,1,15,2,7,3643,1,0,1,0,2,4,0,27,1,1,2,3,1,0,1,0,1,1,2,4
320,1,0,30,1,2,4249,1,4,4,2,2,2,1,28,1,1,2,0,1,0,1,1,1,1,3,5
321,1,1,24,3,4,1938,1,1,4,1,2,3,0,32,1,1,1,1,1,0,1,1,1,2,2,2
322,0,1,24,3,3,2910,1,3,2,3,2,1,3,34,1,0,1,0,1,1,1,1,1,2,2,3
323,0,1,18,3,7,2659,0,2,4,3,2,2,1,28,1,1,1,1,1,0,1,1,1,1,2,3
324,0,3,18,1,2,1028,1,2,4,0,2,3,2,36,1,1,2,1,1,0,1,0,1,2,2,2
325,0,1,8,1,2,3398,1,3,1,3,2,4,2,39,1,1,2,3,1,0,0,1,1,2,1,4
326,0,3,12,1,7,5801,4,0,2,3,2,4,0,49,1,2,1,1,1,1,1,1,1,3,1,6
327,0,3,24,3,2,1525,0,3,4,0,2,3,1,34,1,1,1,1,2,1,1,0,1,2,2,2
328,0,2,36,3,4,4473,1,0,4,3,2,2,1,31,1,1,1,1,1,0,1,1,1,2,3,5
329,0,0,6,3,4,1068,1,0,4,3,2,4,1,28,1,1,1,1,2,0,1,1,1,1,1,2
330,0,1,24,1,3,6615,1,4,2,3,2,4,3,75,1,0,2,0,1,1,1,1,1,6,2,7
331,1,3,18,1,0,1864,2,2,4,0,2,2,2,30,1,1,2,1,1,0,1,0,1,1,2,2
332,1,0,60,3,2,7408,2,1,4,0,2,2,0,24,1,1,1,0,1,0,1,0,1,1,5,8
333,1,3,48,1,3,11590,2,2,2,0,2,4,1,24,0,2,2,3,1,0,1,0,1,1,4,12
334,1,1,24,4,7,4110,1,0,3,3,2,4,3,23,0,2,2,1,2,0,1,1,1,1,2,5
335,1,1,6,1,7,3384,1,2,1,1,2,4,2,44,1,2,1,0,1,1,1,1,1,3,1,4
336,0,0,13,3,4,2101,1,1,2,0,1,4,0,23,1,1,1,3,1,0,1,0,1,1,2,3
337,1,1,15,3,8,1275,4,2,4,0,2,2,1,24,1,2,1,1,1,0,1,0,1,1,2,2
338,0,1,24,3,7,4169,1,2,4,3,2,4,0,28,1,1,1,1,1,0,1,1,1,1,2,5
339,0,0,10,3,7,1521,1,2,4,1,2,2,1,31,1,1,1,3,1,0,1,1,1,2,1,2
340,0,0,24,1,0,5743,1,1,2,0,2,4,3,24,1,0,2,1,1,1,1,0,1,1,2,6
341,0,1,21,3,7,3599,1,3,1,0,2,4,1,26,1,2,1,3,1,0,1,0,1,1,2,4
342,0,0,18,3,4,3213,3,1,1,2,2,3,2,25,1,2,1,1,1,0,1,1,1,1,2,4
343,0,0,18,3,1,4439,1,0,1,3,0,1,2,33,0,1,1,0,1,1,1,1,1,2,2,5
344,0,2,10,3,2,3949,1,1,1,3,1,1,0,37,1,1,1,3,2,0,1,1,1,2,1,4
345,0,3,15,1,4,1459,1,2,4,0,2,2,1,43,1,1,1,3,1,0,1,0,1,3,2,2
346,0,0,13,1,4,882,1,1,4,3,1,4,2,23,1,1,2,1,1,0,1,1,1,1,2,1
347,0,0,24,3,4,3758,3,4,1,0,2,4,3,23,1,2,1,2,1,0,1,0,0,1,2,4
348,0,3,6,2,1,1743,2,2,1,3,2,2,2,34,1,1,2,3,1,0,1,1,1,2,1,2
349,1,0,9,1,0,1136,0,0,4,3,2,3,3,32,1,0,2,1,2,0,1,1,1,2,1,2
350,0,3,9,3,8,1236,1,1,1,0,2,4,2,23,1,2,1,1,1,1,1,0,1,1,1,2
351,1,0,9,3,7,959,1,2,1,0,2,2,1,29,1,1,1,1,1,0,0,0,1,1,1,1
352,0,3,18,1,3,3229,4,4,2,3,2,4,3,38,1,1,1,0,1,1,1,1,1,2,2,4
353,1,1,12,4,4,6199,1,2,4,3,2,2,0,28,1,2,2,1,1,1,1,1,1,1,1,7
354,0,3,10,3,0,727,3,0,4,3,2,4,3,46,1,0,1,1,1,1,1,1,1,3,1,1
355,1,0,24,3,2,1246,1,1,4,3,2,2,2,23,2,1,1,3,1,0,1,1,1,1,2,2
356,0,3,12,1,4,2331,4,0,1,3,0,4,2,49,1,1,1,1,1,1,1,1,1,3,1,3
357,1,3,36,2,4,4463,1,2,4,3,2,2,1,26,1,1,2,0,1,1,1,1,1,1,3,5
358,0,3,12,3,4,776,1,2,4,2,2,2,2,28,1,1,1,1,1,0,1,1,1,1,1,1
359,1,1,30,3,7,2406,1,3,4,0,2,4,2,23,1,2,1,1,1,0,1,0,1,1,3,3
360,0,0,18,3,0,1239,4,2,4,3,2,4,3,61,1,0,1,1,1,0,1,1,1,5,2,2
361,0,2,12,3,4,3399,4,0,2,3,2,3,1,37,1,1,1,0,1,0,1,1,1,2,1,4
362,0,2,12,2,2,2247,1,2,2,0,2,2,1,36,2,1,2,1,1,1,1,0,1,2,1,3
363,0,3,6,3,7,1766,1,2,1,2,2,2,0,21,1,2,1,1,1,0,1,1,1,1,1,2
364,1,1,18,3,7,2473,1,4,4,3,2,1,1,25,1,1,1,2,1,0,1,1,0,1,2,3
365,0,3,12,3,1,1542,1,3,2,3,2,4,1,36,1,1,1,1,1,1,1,1,1,2,1,2
366,0,3,18,1,3,3850,1,3,3,3,2,1,1,27,1,1,2,1,1,0,1,1,1,1,2,4
367,0,1,18,3,7,3650,1,1,1,0,2,4,1,22,1,2,1,1,1,0,1,0,1,1,2,4
368,1,1,36,3,7,3446,1,0,4,3,2,2,1,42,1,1,1,1,2,0,1,1,1,3,3,4
369,0,0,18,3,7,3001,1,3,2,0,2,4,2,40,1,2,1,1,1,0,1,0,1,2,2,4
370,0,3,36,3,2,3079,4,2,4,3,2,4,2,36,1,1,1,1,1,0,1,1,1,2,3,4
371,0,3,18,1,4,6070,1,0,3,3,2,4,1,33,1,1,2,1,1,1,1,1,1,2,2,7
372,0,3,10,1,7,2146,1,1,1,0,2,3,2,23,1,2,2,1,1,0,1,0,1,1,1,3
373,0,3,60,1,2,13756,4,0,2,3,2,4,3,63,0,0,1,0,1,1,1,1,1,5,5,14
374,1,0,60,0,6,14782,2,0,3,0,2,4,3,60,0,0,2,0,1,1,1,0,1,4,5,15
375,1,1,48,0,1,7685,1,3,2,0,1,4,1,37,1,2,1,1,1,0,1,0,1,2,4,8
376,0,3,18,2,4,2320,1,4,2,2,2,3,2,34,1,1,2,1,1,0,1,1,1,2,2,3
377,0,3,7,2,4,846,4,0,3,3,2,4,3,36,1,0,1,1,1,0,1,1,1,2,1,1
378,1,0,36,3,2,14318,1,0,4,3,2,2,3,57,1,0,1,0,1,1,1,1,1,4,3,15
379,0,3,6,1,2,362,2,2,4,0,2,4,1,52,1,1,2,3,1,0,1,0,1,4,1,1
380,0,1,20,3,7,2212,4,3,4,3,2,4,1,39,1,1,1,1,1,1,1,1,1,2,2,3
381,1,0,18,3,3,12976,1,4,3,0,2,4,3,38,1,0,1,0,1,1,1,0,1,2,2,13
382,0,3,22,3,2,1283,4,3,4,0,2,4,0,25,1,2,1,1,1,0,1,0,1,1,2,2
383,0,2,12,3,2,1330,1,1,4,3,2,1,2,26,1,1,1,1,1,0,1,1,1,1,1,2
384,0,3,30,2,1,4272,2,2,2,3,2,2,0,26,1,1,2,3,1,0,1,1,1,1,3,5
385,0,3,18,1,4,2238,1,2,2,0,2,1,1,25,1,1,2,1,1,0,1,0,1,1,2,3
386,0,3,18,3,4,1126,4,1,4,0,2,2,2,21,1,2,1,1,1,1,1,0,1,1,2,2
387,0,0,18,1,7,7374,1,4,4,3,2,4,0,40,2,1,2,0,1,1,1,1,1,2,2,8
388,0,0,15,1,1,2326,3,2,2,3,2,4,1,27,0,1,1,1,1,0,1,1,1,1,2,3
389,0,3,9,3,1,1449,1,3,3,0,2,2,1,27,1,1,2,1,1,0,1,0,1,1,1,2
390,0,3,18,3,2,1820,1,2,2,2,2,2,0,30,1,1,1,0,1,1,1,1,1,1,2,2
391,0,0,12,3,7,983,0,1,1,0,2,4,2,19,1,2,1,3,1,0,1,0,1,1,1,1
392,0,1,36,3,2,3249,1,3,2,3,2,4,3,39,0,0,1,0,2,1,1,1,1,2,3,4
393,0,1,6,1,4,1957,1,3,1,0,2,4,1,31,1,1,1,1,1,0,1,0,1,2,1,2
394,0,3,9,1,7,2406,1,4,2,3,2,3,1,31,1,1,1,0,1,0,1,1,1,2,1,3
395,0,0,39,2,0,11760,2,3,2,3,2,3,3,32,1,2,1,1,1,1,1,1,1,2,4,12
396,0,1,12,3,7,2578,1,4,3,0,2,4,3,55,1,0,1,0,1,0,1,0,1,4,1,3
397,0,1,36,1,7,2348,1,2,3,2,2,2,0,46,1,1,2,1,1,1,1,1,1,3,3,3
398,1,0,12,3,2,1223,1,0,1,1,2,1,2,46,1,2,2,1,1,0,1,1,1,3,1,2
399,0,3,24,1,4,1516,0,2,4,0,2,1,2,43,1,1,2,3,1,0,1,0,1,3,2,2
400,0,3,18,3,4,1473,1,1,3,2,2,4,2,39,1,1,1,1,1,1,1,1,1,2,2,2
401,0,0,18,1,1,1887,4,2,4,2,2,4,2,28,0,1,2,1,1,0,1,1,1,1,2,2
402,1,3,24,2,1,8648,1,1,2,3,2,2,1,27,0,1,2,1,1,1,1,1,1,1,2,9
403,0,3,14,2,2,802,1,2,4,3,2,2,1,27,1,1,2,3,1,0,1,1,1,1,2,1
404,0,0,18,2,2,2899,4,0,4,3,2,4,1,43,1,1,1,1,2,0,1,1,1,3,2,3
405,1,0,24,3,4,2039,1,1,1,2,2,1,0,22,1,1,1,1,1,1,1,1,1,1,2,3
406,0,3,24,1,3,2197,4,3,4,3,2,4,1,43,1,1,2,1,2,1,1,1,1,3,2,3
407,0,1,15,3,4,1053,1,1,4,2,2,2,2,27,1,1,1,1,1,0,0,1,1,1,2,2
408,0,3,24,3,4,3235,3,0,3,1,2,2,1,26,1,1,1,0,1,1,1,1,1,1,2,4
409,1,2,12,1,2,939,3,3,4,2,2,2,2,28,1,1,3,1,1,1,1,1,1,1,1,1
410,0,0,24,3,4,1967,1,0,4,0,2,4,1,20,1,1,1,1,1,1,1,0,1,1,2,2
411,0,3,33,1,3,7253,1,3,3,3,2,2,1,35,1,1,2,0,1,1,1,1,1,2,3,8
412,1,3,12,1,1,2292,1,4,4,3,2,2,1,42,2,1,2,0,1,1,1,1,1,3,1,3
413,0,3,10,3,2,1597,3,2,3,3,2,2,3,40,1,2,1,3,2,0,0,1,1,2,1,2
414,1,1,24,3,2,1381,4,2,4,0,2,2,0,35,1,1,1,1,1,0,1,0,1,2,2,2
415,0,3,36,1,3,5842,1,0,2,3,2,2,0,35,1,1,2,1,2,1,1,1,1,2,3,6
416,1,1,12,3,2,2579,1,1,4,3,2,1,2,33,1,1,1,3,2,0,1,1,1,2,1,3
417,0,1,18,2,0,8471,4,2,1,0,2,2,1,23,1,2,2,1,1,1,1,0,1,1,2,9
418,0,3,21,3,2,2782,3,3,1,0,2,2,1,31,0,1,1,0,1,0,1,0,1,2,2,3
419,1,0,18,3,2,1042,4,2,4,0,2,2,0,33,1,1,1,1,1,0,1,0,1,2,2,2
420,0,3,15,3,2,3186,0,3,2,0,2,3,1,20,1,2,1,1,1,0,1,0,1,1,2,4
421,0,0,12,3,3,2028,4,2,4,3,2,2,1,30,1,1,1,1,1,0,1,1,1,1,1,3
422,0,0,12,1,2,958,1,3,2,3,2,3,2,47,1,1,2,3,2,0,1,1,1,3,1,1
423,0,3,21,2,7,1591,2,3,4,3,2,3,2,34,1,1,2,0,1,0,1,1,1,2,2,2
424,1,0,12,3,7,2762,4,0,1,0,2,2,0,25,0,1,1,1,1,1,1,0,1,1,1,3
425,0,0,18,3,3,2779,1,2,1,2,2,3,1,21,1,2,1,1,1,1,1,1,1,1,2,3
426,0,3,28,1,4,2743,1,0,4,3,2,2,1,29,1,1,2,1,1,0,1,1,1,1,3,3
427,0,3,18,1,4,1149,0,2,4,3,2,3,2,46,1,1,2,1,1,0,1,1,1,3,2,2
428,0,3,9,3,7,1313,1,0,1,3,2,4,1,20,1,1,1,1,1,0,1,1,1,1,1,2
429,1,1,18,1,5,1190,1,4,2,0,2,4,3,55,1,0,3,2,2,0,1,0,0,4,2,2
430,0,3,5,3,1,3448,1,3,1,3,2,4,2,74,1,1,1,3,1,0,1,1,1,6,1,4
431,1,0,24,3,6,11328,1,2,2,3,0,3,1,29,0,1,2,0,1,1,1,1,1,1,2,12
432,0,1,6,1,7,1872,1,4,4,3,2,4,3,36,1,0,3,0,1,1,1,1,1,2,1,2
433,0,3,24,1,5,2058,1,2,4,1,2,2,2,33,1,1,2,1,1,1,1,1,1,2,2,3
434,0,1,9,3,7,2136,1,2,3,3,2,2,2,25,1,1,1,1,1,0,1,1,1,1,1,3
435,1,0,12,3,4,1484,4,2,2,2,2,1,2,25,1,1,1,1,1,1,1,1,1,1,1,2
436,0,3,6,3,5,660,3,3,2,2,2,4,2,23,1,2,1,3,1,0,1,1,1,1,1,1
437,0,3,24,1,2,1287,0,0,4,0,2,4,2,37,1,1,2,1,1,1,1,0,1,2,2,2
438,0,1,42,1,5,3394,1,4,4,3,0,4,1,65,1,1,2,2,1,0,1,1,0,5,4,4
439,1,2,12,0,1,609,1,1,4,0,2,1,2,26,1,1,1,2,1,0,1,0,0,1,1,1
440,0,3,12,3,2,1884,1,0,4,3,2,4,1,39,1,1,1,0,1,1,1,1,1,2,1,2
441,0,1,12,3,7,1620,1,2,2,0,0,3,0,30,1,1,1,1,1,0,1,0,1,1,1,2
442,0,0,20,2,6,2629,1,2,2,3,2,3,1,29,0,1,2,1,1,1,1,1,1,1,2,3
443,1,3,12,3,0,719,1,0,4,3,2,4,1,41,0,1,1,3,2,0,1,1,1,3,1,1
444,1,0,48,1,7,5096,1,2,2,0,2,3,1,30,1,1,1,0,1,1,1,0,1,1,4,6
445,0,3,9,1,0,1244,4,0,4,0,2,4,0,41,1,2,2,3,1,0,1,0,1,3,1,2
446,1,1,36,3,2,1842,1,1,4,0,2,4,1,34,1,1,1,1,1,1,1,0,1,2,3,2
447,0,0,7,3,4,2576,1,2,2,3,1,2,2,35,1,1,1,1,1,0,1,1,1,2,1,3
448,0,2,12,3,7,1424,4,0,3,0,2,4,2,55,1,1,1,0,1,1,1,0,1,4,1,2
449,1,0,15,2,5,1512,0,2,3,2,2,3,0,61,2,1,2,1,1,0,1,1,1,5,2,2
450,0,3,36,1,3,11054,4,2,4,3,2,2,1,30,1,1,1,0,1,1,1,1,1,1,3,12
451,0,3,6,3,4,518,1,2,3,0,2,1,2,29,1,1,1,1,1,0,1,0,1,1,1,1
452,0,3,12,4,7,2759,1,0,2,3,2,4,0,34,1,1,2,1,1,0,1,1,1,2,1,3
453,0,3,24,3,3,2670,1,0,4,3,2,4,1,35,1,1,1,0,1,1,1,1,1,2,2,3
454,1,1,24,3,2,4817,1,3,2,3,0,3,0,31,1,1,1,1,1,1,1,1,1,2,2,5
455,0,3,24,3,3,2679,1,1,4,0,2,1,3,29,1,1,1,0,1,1,1,0,1,1,2,3
456,0,1,11,1,2,3905,1,2,2,3,2,2,2,36,1,2,2,1,2,0,1,1,1,2,1,4
457,1,1,12,3,3,3386,1,0,3,3,2,4,3,35,1,0,1,1,1,1,1,1,1,2,1,4
458,0,1,6,3,8,343,1,1,4,0,2,1,2,27,1,1,1,1,1,0,1,0,1,1,1,1
459,0,3,18,3,4,4594,1,1,3,3,2,2,1,32,1,1,1,1,1,1,1,1,1,2,2,5
460,0,1,36,3,7,3620,1,2,1,3,1,2,0,37,1,1,1,1,2,0,1,1,1,2,3,4
461,0,1,15,3,2,1721,1,1,2,3,2,3,2,36,1,1,1,1,1,0,1,1,1,2,2,2
462,0,0,12,3,7,3017,1,1,3,0,2,1,2,34,1,2,1,0,1,0,1,0,1,2,1,4
463,0,0,12,3,9,754,4,0,4,3,2,4,0,38,1,1,2,1,1,0,1,1,1,2,1,1
464,0,3,18,3,1,1950,1,3,4,3,2,1,1,34,2,1,2,1,1,1,1,1,1,2,2,2
465,0,1,24,3,3,2924,1,2,3,3,1,4,3,63,0,1,1,1,2,1,1,1,1,5,2,3
466,1,1,24,2,4,1659,1,1,4,0,2,2,1,29,1,2,1,3,1,1,1,0,1,1,2,2
467,0,3,48,2,4,7238,4,0,3,3,2,3,1,32,0,1,2,1,2,0,1,1,1,2,4,8
468,0,3,33,2,1,2764,1,2,2,0,2,2,1,26,1,1,2,1,1,1,1,0,1,1,3,3
469,0,3,24,2,3,4679,1,3,3,3,2,3,1,35,1,1,2,3,1,1,1,1,1,2,2,5
470,1,0,24,3,4,3092,2,1,3,2,2,2,1,22,1,2,1,1,1,1,1,1,1,1,2,4
471,1,1,6,3,0,448,1,1,4,0,2,4,0,23,1,1,1,1,1,0,1,0,1,1,1,1
472,1,1,9,3,2,654,1,2,4,3,2,3,1,28,1,1,1,3,1,0,1,1,1,1,1,1
473,0,3,6,3,9,1238,4,4,4,3,2,4,0,36,1,1,1,0,2,1,1,1,1,2,1,2
474,1,0,18,1,4,1245,1,2,4,2,2,2,1,33,1,1,1,1,1,0,1,1,1,2,2,2
475,1,1,18,4,7,3114,1,1,1,0,2,4,0,26,1,2,1,1,1,0,1,0,1,1,2,4
476,0,3,39,3,3,2569,3,2,4,3,2,4,1,24,1,1,1,1,1,0,1,1,1,1,4,3
477,0,2,24,3,4,5152,1,3,4,3,2,2,1,25,0,1,1,1,1,0,1,1,1,1,2,6
478,0,0,12,3,1,1037,2,3,3,3,2,4,2,39,1,1,1,3,1,0,1,1,1,2,1,2
479,0,1,15,1,7,1478,1,0,4,3,2,4,1,44,1,1,2,1,2,1,1,1,1,3,2,2
480,0,0,12,1,4,3573,1,2,1,0,2,1,2,23,1,1,1,3,1,0,1,0,1,1,1,4
481,0,0,24,3,2,1201,1,1,4,3,2,1,0,26,1,1,1,1,1,0,1,1,1,1,2,2
482,0,1,30,3,7,3622,0,0,4,0,2,4,0,57,1,2,2,1,1,1,1,0,1,4,3,4
483,0,3,15,2,7,960,0,3,3,0,2,2,0,30,1,1,2,1,1,0,1,0,1,1,2,1
484,0,3,12,1,2,1163,3,2,4,3,2,4,2,44,1,1,1,1,1,1,1,1,1,3,1,2
485,1,0,6,2,2,1209,1,4,4,3,2,4,0,47,1,1,1,0,1,1,1,1,1,3,1,2
486,0,3,12,3,4,3077,1,2,2,3,2,4,1,52,1,1,1,1,1,1,1,1,1,4,1,4
487,0,3,24,3,2,3757,1,0,4,0,0,4,3,62,1,0,1,1,1,1,1,0,1,5,2,4
488,0,3,10,3,2,1418,2,2,3,3,2,2,2,35,1,2,1,3,1,0,0,1,1,2,1,2
489,0,3,6,3,2,3518,1,2,2,3,1,3,0,26,1,2,1,1,1,0,1,1,1,1,1,4
490,0,3,12,1,4,1934,1,0,2,3,2,2,3,26,1,1,2,1,1,0,1,1,1,1,1,2
491,1,0,27,4,1,8318,1,0,2,0,2,4,3,42,1,0,2,0,1,1,1,0,1,3,3,9
492,0,3,6,1,4,1237,2,2,1,0,2,1,0,27,1,1,2,1,1,0,1,0,1,1,1,2
493,0,0,6,3,4,368,4,0,4,3,2,4,0,38,1,1,1,1,1,0,1,1,1,2,1,1
494,0,1,12,1,2,2122,1,2,3,3,2,2,2,39,1,2,2,3,2,0,0,1,1,2,1,3
495,1,1,24,3,7,2996,4,2,2,2,2,4,1,20,1,1,1,1,1,0,1,1,1,1,2,3
496,1,0,36,3,7,9034,2,1,4,3,0,1,3,29,1,2,1,0,1,1,1,1,1,1,3,10
497,0,3,24,1,7,1585,1,3,4,3,2,3,0,40,1,1,2,1,1,0,1,1,1,2,2,2
498,0,0,18,3,4,1301,1,0,4,2,1,2,2,32,1,1,1,3,1,0,1,1,1,2,2,2
499,0,2,6,1,2,1323,2,0,2,1,2,4,1,28,1,1,2,1,2,1,1,1,1,1,1,2
500,1,1,24,3,2,3123,1,1,4,0,2,1,0,27,1,1,1,1,1,0,1,0,1,1,2,4
501,0,1,36,3,3,5493,1,0,2,3,2,4,3,42,1,0,1,1,2,0,1,1,1,3,3,6
502,0,2,9,3,4,1126,2,0,2,1,2,4,2,49,1,1,1,1,1,0,1,1,1,3,1,2
503,1,0,24,1,4,1216,2,1,4,3,2,4,3,38,0,1,2,1,2,0,1,1,1,2,2,2
504,1,1,24,3,2,1207,1,1,4,0,2,4,0,24,1,2,1,1,1,0,1,0,1,1,2,2
505,1,3,10,3,2,1309,4,2,4,3,1,4,0,27,1,1,1,3,1,0,1,1,1,1,1,2
506,0,2,15,1,3,2360,3,2,2,3,2,2,1,36,1,1,1,1,1,1,1,1,1,2,2,3
507,1,0,15,0,2,6850,2,4,1,3,2,2,0,34,1,1,1,0,2,1,1,1,1,2,2,7
508,0,3,24,3,4,1413,1,2,4,2,2,2,0,28,1,1,1,1,1,0,1,1,1,1,2,2
509,0,3,39,3,3,8588,2,0,4,3,2,2,1,45,1,1,1,0,1,1,1,1,1,3,4,9
510,1,1,12,3,2,759,1,3,4,3,2,2,2,26,1,1,1,1,1,0,1,1,1,1,1,1
511,0,3,36,3,3,4686,1,2,2,3,2,2,3,32,1,0,1,0,1,1,1,1,1,2,3,5
512,0,2,15,3,1,2687,1,3,2,3,2,4,0,26,1,2,1,1,1,1,1,1,1,1,2,3
513,0,0,12,2,4,585,1,2,4,2,0,4,2,20,1,2,2,1,1,0,1,1,1,1,1,1
514,0,3,24,3,2,2255,4,1,4,3,2,1,0,54,1,1,1,1,1,0,1,1,1,4,2,3
515,0,1,6,1,2,609,1,3,4,0,2,3,0,37,1,1,2,1,1,0,0,0,1,2,1,1
516,0,1,6,1,2,1361,1,1,2,3,2,4,2,40,1,1,1,3,2,0,0,1,1,2,1,2
517,1,3,36,1,7,7127,1,1,2,0,2,4,0,23,1,2,2,1,1,1,1,0,1,1,3,8
518,0,1,6,3,2,1203,2,0,3,3,2,2,0,43,1,1,1,1,1,1,1,1,1,3,1,2
519,0,3,6,1,4,700,4,0,4,3,2,4,3,36,1,0,2,1,1,0,1,1,1,2,1,1
520,0,3,24,1,5,5507,1,0,3,3,2,4,3,44,1,0,2,1,1,0,1,1,1,3,2,6
521,1,1,18,3,4,3190,1,2,2,0,2,2,2,24,1,1,1,1,1,0,1,0,1,1,2,4
522,1,1,48,4,7,7119,1,2,3,3,2,4,3,53,1,0,2,1,2,0,1,1,1,4,4,8
523,0,3,24,3,3,3488,2,3,3,0,2,4,1,23,1,1,1,1,1,0,1,0,1,1,2,4
524,0,0,18,3,4,1113,1,2,4,0,1,4,2,26,1,1,1,3,2,0,1,0,1,1,2,2
525,0,0,26,3,3,7966,1,1,2,3,2,3,1,30,1,1,2,1,1,0,1,1,1,1,3,8
526,0,3,15,1,0,1532,2,2,4,0,2,3,1,31,1,1,1,1,1,0,1,0,1,2,2,2
527,0,3,4,1,4,1503,1,3,2,3,2,1,2,42,1,1,2,3,2,0,1,1,1,3,1,2
528,1,1,36,3,4,2302,1,2,4,1,2,4,1,31,1,2,1,1,1,0,1,1,1,2,3,3
529,0,1,6,3,2,662,1,1,3,3,2,4,2,41,1,1,1,3,2,1,1,1,1,3,1,1
530,0,0,36,3,0,2273,1,3,3,3,2,1,1,32,1,1,2,1,2,0,1,1,1,2,3,3
531,1,0,15,3,2,2631,2,2,2,0,2,4,1,28,1,2,2,1,1,1,1,0,1,1,2,3
532,0,3,12,2,3,1503,1,2,4,2,2,4,2,41,1,2,1,1,1,0,1,1,1,3,1,2
533,0,3,24,3,4,1311,2,3,4,2,2,3,0,26,1,1,1,1,1,1,1,1,1,1,2,2
534,0,3,24,3,4,3105,4,1,4,3,2,2,1,25,1,1,2,1,1,0,1,1,1,1,2,4
535,1,2,21,1,0,2319,1,1,2,1,2,1,1,33,1,2,1,1,1,0,1,1,1,2,2,3
536,0,1,6,3,2,1374,4,4,4,0,2,3,0,75,1,1,1,0,1,1,1,0,1,6,1,2
537,0,0,18,1,7,3612,1,0,3,0,2,4,0,37,1,1,1,1,1,1,1,0,1,2,2,4
538,1,1,48,3,2,7763,1,0,4,3,2,4,3,42,0,0,1,0,1,0,1,1,1,3,4,8
539,0,2,18,3,7,3049,1,1,1,0,2,1,0,45,2,1,1,3,1,0,1,0,1,3,2,4
540,1,0,12,3,4,1534,1,1,1,2,2,1,2,23,1,2,1,1,1,0,1,1,1,1,1,2
541,0,3,24,2,2,2032,1,0,4,3,2,4,3,60,1,0,2,1,1,1,1,1,1,4,2,3
542,1,1,30,3,7,6350,4,0,4,3,2,4,0,31,1,1,1,1,1,0,1,1,1,2,3,7
543,1,2,18,3,7,2864,1,2,2,3,2,1,2,34,1,1,1,3,2,0,1,1,1,2,2,3
544,0,3,12,1,2,1255,1,0,4,3,2,4,2,61,1,1,2,3,1,0,1,1,1,5,1,2
545,1,1,24,2,2,1333,1,4,4,3,2,2,2,43,1,0,2,1,2,0,1,1,1,3,2,2
546,0,3,24,1,2,2022,1,2,4,0,2,4,1,37,1,1,1,1,1,1,1,0,1,2,2,3
547,0,3,24,3,4,1552,1,3,3,3,2,1,1,32,0,1,1,1,2,0,1,1,1,2,2,2
548,1,1,12,0,4,626,1,2,4,0,2,4,2,24,0,1,1,3,1,0,1,0,1,1,1,1
549,0,3,48,1,3,8858,4,3,2,3,2,1,3,35,1,0,2,1,1,1,1,1,1,2,4,9
550,0,3,12,1,5,996,4,3,4,0,2,4,2,23,1,1,2,1,1,0,1,0,1,1,1,1
551,0,3,6,0,4,1750,3,0,2,3,2,4,0,45,0,1,1,3,2,0,1,1,1,3,1,2
552,1,1,48,3,4,6999,1,3,1,2,1,1,2,34,1,1,2,1,1,1,1,1,1,2,4,7
553,0,0,12,1,2,1995,2,1,4,3,2,1,1,27,1,1,1,1,1,0,1,1,1,1,1,2
554,0,0,9,3,0,1199,1,3,4,0,2,4,0,67,1,1,2,0,1,1,1,0,1,5,1,2
555,1,0,12,3,4,1331,1,1,2,3,2,1,1,22,2,1,1,1,1,0,1,1,1,1,1,2
556,1,0,18,4,2,2278,2,1,3,0,2,3,1,28,1,1,2,1,1,0,1,0,1,1,2,3
557,1,3,21,4,2,5003,4,2,1,0,2,4,0,29,0,1,2,1,1,1,1,0,1,1,2,6
558,1,1,24,0,7,3552,1,3,3,3,2,4,1,27,0,1,1,1,1,0,1,1,1,1,2,4
559,1,0,18,1,7,1928,1,1,2,3,2,2,2,31,1,1,2,3,1,0,1,1,1,2,2,2
560,0,1,24,3,3,2964,4,0,4,3,2,4,3,49,0,0,1,1,2,1,1,1,1,3,2,3
561,1,1,24,0,4,1546,1,3,4,3,1,4,1,24,0,2,1,3,1,0,1,1,1,1,2,2
562,0,2,6,2,4,683,1,1,2,0,2,1,0,29,0,1,1,1,1,0,1,0,1,1,1,1
563,1,0,36,3,2,12389,4,2,1,3,2,4,3,37,1,0,1,1,1,1,1,1,1,2,3,13
564,0,0,24,2,1,4712,4,2,4,3,2,2,0,37,0,1,2,0,1,1,1,1,1,2,2,5
565,0,0,24,2,4,1553,2,3,3,0,2,2,0,23,1,2,2,1,1,1,1,0,1,1,2,2
566,1,1,12,3,2,1372,1,3,2,1,2,3,1,36,1,1,1,1,1,0,1,1,1,2,1,2
567,0,3,24,1,4,2578,0,0,2,3,2,2,1,34,1,1,1,1,1,0,1,1,1,2,2,3
568,0,0,48,3,4,3979,4,3,4,3,2,1,1,41,1,1,2,1,2,1,1,1,1,3,4,4
569,1,1,48,3,4,6758,1,2,3,0,2,2,1,31,1,1,1,1,1,1,1,0,1,2,4,7
570,1,1,24,3,7,3234,1,1,4,0,2,4,2,23,1,2,1,3,1,1,1,0,1,1,2,4
571,0,3,30,1,4,5954,1,3,3,3,0,2,1,38,1,1,1,1,1,0,1,1,1,2,3,6
572,0,3,24,3,3,5433,4,4,2,0,2,4,0,26,1,2,1,0,1,1,1,0,1,1,2,6
573,0,1,15,3,1,806,1,2,4,0,2,4,0,22,1,1,1,3,1,0,1,0,1,1,2,1
574,0,0,9,3,4,1082,1,0,4,3,2,4,1,27,1,1,2,3,1,0,1,1,1,1,1,2
575,0,3,15,1,7,2788,1,3,2,0,0,3,1,24,0,1,2,1,1,0,1,0,1,1,2,3
576,0,0,12,3,4,2930,1,3,2,0,2,1,2,27,1,1,1,1,1,0,1,0,1,1,1,3
577,0,3,24,1,0,1927,4,2,3,0,2,2,1,33,1,1,2,1,1,1,1,0,1,2,2,2
578,1,0,36,1,2,2820,1,1,4,1,2,4,1,27,1,1,2,1,1,0,1,1,1,1,3,3
579,0,3,24,3,9,937,1,1,4,2,2,3,1,27,1,1,2,3,1,0,1,1,1,1,2,1
580,1,0,18,1,2,1056,1,0,3,3,1,3,2,30,0,1,2,1,1,0,1,1,1,1,2,2
581,0,0,12,1,2,3124,1,1,1,3,2,3,2,49,0,1,2,3,2,0,1,1,1,3,1,4
582,0,3,9,3,7,1388,1,2,4,0,2,2,2,26,1,2,1,1,1,0,1,0,1,1,1,2
583,1,0,36,3,5,2384,1,1,4,3,2,1,3,33,1,2,1,3,1,0,1,1,1,2,3,3
584,0,3,12,3,2,2133,4,0,4,0,2,4,3,52,1,0,1,0,1,1,1,0,1,4,1,3
585,1,1,18,3,7,2039,1,2,1,0,2,4,2,20,0,2,1,1,1,0,1,0,1,1,2,3
586,0,1,9,1,2,2799,1,2,2,3,2,2,2,36,1,2,2,1,2,0,1,1,1,2,1,3
587,0,1,12,3,7,1289,1,2,4,3,1,1,0,21,1,1,1,3,1,0,1,1,1,1,1,2
588,1,1,18,3,8,1217,1,2,4,2,2,3,2,47,1,1,1,3,1,1,1,1,1,3,2,2
589,1,1,12,1,7,2246,1,0,3,3,2,3,0,60,1,1,2,1,1,0,1,1,1,4,1,3
590,0,1,12,1,4,385,1,3,4,0,2,3,2,58,1,1,4,3,1,1,1,0,1,4,1,1
591,0,0,24,2,2,1965,4,2,4,0,2,4,1,42,1,2,2,1,1,1,1,0,1,3,2,2
592,0,3,21,3,1,1572,0,0,4,0,2,4,2,36,0,1,1,3,1,0,1,0,1,2,2,2
593,1,0,24,3,2,2718,1,2,3,0,2,4,0,20,1,2,1,3,1,1,1,0,1,1,2,3
594,1,1,24,0,6,1358,4,0,4,3,2,3,1,40,2,1,1,0,1,1,1,1,1,2,2,2
595,1,0,6,0,2,931,2,1,1,0,2,1,0,32,2,1,1,3,1,0,1,0,1,2,1,1
596,1,1,24,3,2,1442,1,3,4,0,2,4,1,23,1,2,2,1,1,0,1,0,1,1,2,2
597,1,0,24,4,1,4241,1,2,1,3,2,4,2,36,1,1,3,3,1,1,1,1,1,2,2,5
598,1,3,18,1,2,2775,1,3,2,3,2,2,0,31,0,1,2,1,1,0,1,1,1,2,2,3
599,0,3,24,2,1,3863,1,2,1,3,2,2,3,32,1,0,1,1,1,0,1,1,1,2,2,4
600,0,0,7,3,4,2329,1,1,1,0,1,1,2,45,1,1,1,1,1,0,1,0,1,3,1,3
601,1,0,9,3,7,918,1,2,4,0,2,1,0,30,1,1,1,1,1,0,1,0,1,1,1,1
602,1,0,24,0,0,1837,1,3,4,0,2,4,3,34,0,0,1,3,1,0,1,0,1,2,2,2
603,1,3,36,3,7,3349,1,2,4,0,2,2,1,28,1,1,1,0,1,1,1,0,1,1,3,4
604,0,2,10,3,7,1275,1,1,4,0,2,2,0,23,1,1,1,1,1,0,1,0,1,1,1,2
605,0,1,24,0,7,2828,3,2,4,3,2,4,2,22,2,1,1,1,1,1,1,1,1,1,2,3
606,0,3,24,1,1,4526,1,2,3,3,2,2,2,74,1,1,1,0,1,1,1,1,1,6,2,5
607,1,0,36,3,4,2671,2,2,4,0,0,4,3,50,1,0,1,1,1,0,1,0,1,3,3,3
608,0,3,18,3,4,2051,1,1,4,3,2,1,2,33,1,1,1,1,1,0,1,1,1,2,2,3
609,0,3,15,3,3,1300,4,0,4,3,2,4,3,45,0,0,1,1,2,0,1,1,1,3,2,2
610,1,1,12,3,8,741,2,4,4,0,2,3,0,22,1,1,1,1,1,0,1,0,1,1,1,1
611,1,2,10,3,2,1240,2,0,1,0,2,4,3,48,1,0,1,3,2,0,1,0,1,3,1,2
612,0,1,21,3,4,3357,0,1,4,0,2,2,1,29,0,1,1,1,1,0,1,0,1,1,2,4
613,0,1,24,0,3,3632,1,2,1,0,1,4,1,22,0,2,1,1,1,0,0,0,1,1,2,4
614,1,3,18,2,7,1808,1,3,4,0,2,1,2,22,1,1,1,1,1,0,1,0,1,1,2,2
615,0,0,48,4,1,12204,4,2,2,3,2,2,1,48,0,1,1,0,1,1,1,1,1,3,4,13
616,0,0,60,2,4,9157,4,2,2,3,2,2,3,27,1,0,1,0,1,0,1,1,1,1,5,10
617,0,1,6,1,2,3676,1,2,1,3,2,3,2,37,1,2,3,1,2,0,1,1,1,2,1,4
618,1,0,30,3,7,3441,2,2,2,0,0,4,1,21,1,2,1,1,1,0,1,0,1,1,3,4
619,0,3,12,3,2,640,1,2,4,1,2,2,2,49,1,1,1,3,1,0,1,1,1,3,1,1
620,0,0,21,1,1,3652,1,3,2,3,2,3,0,27,1,1,2,1,1,0,1,1,1,1,2,4
621,1,3,18,1,2,1530,1,2,3,3,2,2,0,32,0,1,2,1,1,0,1,1,1,2,2,2
622,1,3,48,3,1,3914,4,2,4,1,2,2,2,38,0,1,1,1,1,0,1,1,1,2,4,4
623,0,1,12,3,7,1858,1,1,4,0,2,1,1,22,1,2,1,1,1,0,1,0,1,1,1,2
624,1,1,18,3,4,2600,1,2,4,3,2,4,3,65,1,0,2,1,1,0,1,1,1,5,2,3
625,0,3,15,3,4,1979,4,0,4,3,2,2,1,35,1,1,1,1,1,0,1,1,1,2,2,2
626,0,2,6,3,7,2116,1,2,2,3,2,2,2,41,1,1,1,1,1,1,1,1,1,3,1,3
627,1,0,9,0,2,1437,2,3,2,3,2,3,3,29,1,1,1,1,1,0,1,1,1,1,1,2
628,0,3,42,1,7,4042,3,2,4,3,2,4,2,36,1,1,2,1,1,1,1,1,1,2,4,5
629,0,3,9,3,0,3832,4,0,1,3,2,4,2,64,1,1,1,3,1,0,1,1,1,5,1,4
630,0,1,24,3,4,3660,1,2,2,0,2,4,1,28,1,1,1,1,1,0,1,0,1,1,2,4
631,1,1,18,0,7,1553,1,2,4,3,2,3,1,44,0,1,1,1,1,0,1,1,1,3,2,2
632,0,0,15,3,4,1444,4,1,4,3,2,1,0,23,1,1,1,1,1,0,1,1,1,1,2,2
633,1,3,9,3,7,1980,1,1,2,0,0,2,1,19,1,2,2,1,1,0,1,0,1,1,1,2
634,1,0,24,3,2,1355,1,1,3,0,2,4,1,25,1,1,1,3,1,1,1,0,1,1,2,2
635,0,3,12,3,0,1393,1,0,4,3,2,4,0,47,0,1,3,1,2,1,1,1,1,3,1,2
636,0,3,24,3,4,1376,3,3,4,0,2,1,1,28,1,1,1,1,1,0,1,0,1,1,2,2
637,0,3,60,2,4,15653,1,3,2,3,2,4,1,21,1,1,2,1,1,1,1,1,1,1,5,16
638,0,3,12,3,4,1493,1,1,4,0,2,3,1,34,1,1,1,1,2,0,1,0,1,2,1,2
639,1,1,42,2,4,4370,1,3,3,3,2,2,0,26,0,1,2,1,2,1,1,1,1,1,4,5
640,1,1,18,3,0,750,1,4,4,0,2,1,2,27,1,1,1,2,1,0,1,0,0,1,2,1
641,0,0,15,3,5,1308,1,0,4,3,2,4,1,38,1,1,2,3,1,0,1,1,1,2,2,2
642,1,3,15,3,0,4623,2,2,3,3,2,2,0,40,1,1,1,0,1,1,1,1,1,2,2,5
643,0,3,24,1,4,1851,1,3,4,2,1,2,1,33,1,1,2,1,1,1,1,1,1,2,2,2
644,0,1,18,1,4,1880,1,3,4,2,2,1,0,32,1,1,2,0,1,1,1,1,1,2,2,2
645,1,3,36,2,1,7980,4,1,4,3,2,4,1,27,1,2,2,1,1,1,1,1,1,1,3,8
646,0,1,30,4,7,4583,1,2,2,1,1,2,2,32,1,1,2,1,1,0,1,1,1,2,3,5
647,1,3,12,3,2,1386,3,2,2,0,2,2,0,26,1,1,1,1,1,0,1,0,1,1,1,2
648,1,2,24,3,2,947,1,3,4,3,2,3,3,38,0,0,1,1,2,0,1,1,1,2,2,1
649,1,1,12,3,0,684,1,2,4,3,2,4,1,40,1,2,1,3,2,0,1,1,1,2,1,1
650,0,1,48,3,0,7476,1,3,4,3,2,1,3,50,1,0,1,0,1,1,1,1,1,3,4,8
651,1,0,12,3,7,1922,1,2,4,3,2,2,0,37,1,1,1,3,1,0,1,1,1,2,1,2
652,1,1,24,3,2,2303,1,0,4,3,0,1,2,45,1,1,1,1,1,0,1,1,1,3,2,3
653,1,0,36,2,2,8086,2,0,2,3,2,4,1,42,1,1,4,0,1,1,1,1,1,3,3,9
654,0,3,24,1,3,2346,1,3,4,3,2,3,1,35,1,1,2,1,1,1,1,1,1,2,2,3
655,0,1,14,3,2,3973,1,4,1,3,2,4,3,22,1,0,1,1,1,0,1,1,1,1,2,4
656,1,0,12,3,2,888,1,0,4,3,2,4,1,41,0,1,1,3,2,0,1,1,1,3,1,1
657,0,3,48,3,4,10222,4,3,4,3,2,3,1,37,2,1,1,1,1,1,1,1,1,2,4,11
658,0,0,30,4,1,4221,1,2,2,0,2,1,1,28,1,1,2,1,1,0,1,0,1,1,3,5
659,0,0,18,1,7,6361,1,0,2,3,2,1,3,41,1,1,1,1,1,1,1,1,1,3,2,7
660,0,2,12,3,4,1297,1,2,3,2,2,4,2,23,1,2,1,1,1,0,1,1,1,1,1,2
661,1,1,12,3,2,900,4,2,4,2,2,2,1,23,1,1,1,1,1,0,1,1,1,1,1,1
662,0,3,21,3,7,2241,1,0,4,3,2,2,2,50,1,1,2,1,1,0,1,1,1,3,2,3
663,0,0,6,2,7,1050,1,4,4,3,2,1,0,35,2,1,2,0,1,1,1,1,1,2,1,2
664,0,2,6,1,0,1047,1,2,2,0,2,4,0,50,1,1,1,3,1,0,1,0,1,3,1,2
665,0,3,24,1,6,6314,1,4,4,3,0,2,3,27,0,1,2,0,1,1,1,1,1,1,2,7
666,0,0,30,0,7,3496,0,2,4,3,2,2,1,34,2,1,1,1,2,1,1,1,1,2,3,4
667,0,3,48,0,1,3609,1,2,1,0,2,1,2,27,2,1,1,1,1,0,1,0,1,1,4,4
668,1,1,12,1,2,4843,1,0,3,3,0,4,0,43,1,2,2,1,1,1,1,1,1,3,1,5
669,0,2,30,1,4,3017,1,0,4,3,2,4,0,47,1,1,1,1,1,0,1,1,1,3,3,4
670,0,3,24,1,1,4139,2,2,3,3,2,3,0,27,1,1,2,3,1,1,1,1,1,1,2,5
671,0,3,36,3,1,5742,2,3,2,3,2,2,1,31,1,1,2,1,1,1,1,1,1,2,3,6
672,0,3,60,3,2,10366,1,0,2,3,2,4,0,42,1,1,1,0,1,1,1,1,1,3,5,11
673,0,3,6,1,2,2080,3,2,1,2,2,2,1,24,1,1,1,1,1,0,1,1,1,1,1,3
674,1,3,21,2,1,2580,3,1,4,3,2,2,2,41,0,1,1,3,2,0,1,1,1,3,2,3
675,0,3,30,1,4,4530,1,3,4,0,2,4,1,26,1,2,1,0,1,1,1,0,1,1,3,5
676,0,3,24,1,7,5150,1,0,4,3,2,4,1,33,1,1,1,1,1,1,1,1,1,2,2,6
677,1,0,72,3,4,5595,2,2,2,2,2,2,1,24,1,1,1,1,1,0,1,1,1,1,6,6
678,0,1,24,3,4,2384,1,0,4,3,2,4,2,64,0,2,1,3,1,0,1,1,1,5,2,3
679,0,3,18,3,4,1453,1,1,3,0,2,1,2,26,1,1,1,1,1,0,1,0,1,1,2,2
680,0,3,6,3,0,1538,1,1,1,0,2,2,3,56,1,1,1,1,1,0,1,0,1,4,1,2
681,0,3,12,3,4,2279,4,2,4,3,2,4,3,37,1,0,1,1,1,1,1,1,1,2,1,3
682,0,3,15,2,4,1478,1,2,4,2,2,3,2,33,0,1,2,1,1,0,1,1,1,2,2,2
683,0,3,24,1,4,5103,1,1,3,2,2,3,3,47,1,0,3,1,1,1,1,1,1,3,2,6
684,0,0,36,2,1,9857,2,3,1,3,2,3,0,31,1,1,2,3,2,1,1,1,1,2,3,10
685,0,3,60,3,2,6527,4,2,4,3,2,4,3,34,1,0,1,1,2,1,1,1,1,2,5,7
686,0,2,10,1,4,1347,4,3,4,3,2,2,0,27,1,1,2,1,1,1,1,1,1,1,1,2
687,0,0,36,2,2,2862,2,0,4,3,2,3,3,30,1,0,1,1,1,0,1,1,1,1,3,3
688,0,3,9,3,4,2753,2,0,3,3,0,4,1,35,1,1,1,1,1,1,1,1,1,2,1,3
689,0,1,12,3,2,3651,0,2,1,3,2,3,0,31,1,1,1,1,2,0,1,1,1,2,1,4
690,0,1,15,1,7,975,1,2,2,1,2,3,0,25,1,1,2,1,1,0,1,1,1,1,2,1
691,0,0,15,3,5,2631,2,2,3,0,2,2,2,25,1,1,1,3,1,0,1,0,1,1,2,3
692,0,0,24,3,4,2896,2,1,2,3,2,1,1,29,1,1,1,1,1,0,1,1,1,1,2,3
693,0,1,6,1,2,4716,4,1,1,3,2,3,2,44,1,1,2,3,2,0,1,1,1,3,1,5
694,0,3,24,3,4,2284,1,3,4,3,2,2,1,28,1,1,1,1,1,1,1,1,1,1,2,3
695,0,3,6,3,3,1236,3,2,2,3,2,4,0,50,1,2,1,1,1,0,1,1,1,3,1,2
696,0,0,12,3,4,1103,1,3,4,3,1,3,2,29,1,1,2,1,1,0,0,1,1,1,1,2
697,0,3,12,1,2,926,1,4,1,0,2,2,0,38,1,1,1,2,1,0,1,0,0,2,1,1
698,0,3,18,1,4,1800,1,2,4,3,2,2,1,24,1,1,2,1,1,0,1,1,1,1,2,2
699,0,2,15,3,0,1905,1,0,4,3,2,4,1,40,1,2,1,0,1,1,1,1,1,2,2,2
700,1,3,12,3,7,1123,3,2,4,0,2,4,1,29,1,2,1,3,1,0,1,0,1,1,1,2
701,1,1,48,1,3,6331,1,0,4,3,2,4,3,46,1,0,2,1,1,1,1,1,1,3,4,7
702,0,2,24,3,4,1377,2,0,4,0,2,2,3,47,1,0,1,1,1,1,1,0,1,3,2,2
703,0,0,30,2,1,2503,2,0,4,3,2,2,0,41,2,1,2,1,1,0,1,1,1,3,3,3
704,0,0,27,3,1,2528,1,1,4,0,2,1,0,32,1,1,1,1,2,1,1,0,1,2,3,3
705,0,3,15,3,2,5324,3,0,1,0,2,4,3,35,1,0,1,1,1,0,1,0,1,2,2,6
706,1,0,48,3,2,6560,2,3,3,3,2,2,0,24,1,1,1,1,1,0,1,1,1,1,4,7
707,1,0,12,4,7,2969,1,1,4,0,2,3,0,25,1,2,2,1,1,0,1,0,1,1,1,3
708,0,0,9,3,4,1206,1,0,4,0,2,4,2,25,1,1,1,1,1,0,1,0,1,1,1,2
709,0,0,9,3,4,2118,1,2,2,3,2,2,2,37,1,1,1,3,2,0,1,1,1,2,1,3
710,0,3,18,1,4,629,3,0,4,3,2,3,0,32,0,1,2,0,1,1,1,1,1,2,2,1
711,1,1,6,0,0,1198,1,0,4,0,2,4,3,35,1,0,1,1,1,0,1,0,1,2,1,2
712,0,3,21,3,3,2476,4,0,4,3,2,4,2,46,1,1,1,0,1,1,1,1,1,3,2,3
713,0,1,9,1,4,1138,1,2,4,3,2,4,2,25,1,1,2,3,1,0,1,1,1,1,1,2
714,1,0,60,3,2,14027,1,3,4,3,2,2,3,27,1,1,1,0,1,1,1,1,1,1,5,15
715,0,3,30,1,3,7596,4,0,1,3,2,4,1,63,1,1,2,1,1,0,1,1,1,5,3,8
716,0,3,30,1,4,3077,4,0,3,3,2,2,1,40,1,1,2,1,2,1,1,1,1,2,3,4
717,0,3,18,3,4,1505,1,2,4,3,2,2,3,32,1,0,1,0,1,1,1,1,1,2,2,2
718,0,2,24,1,4,3148,4,2,3,3,2,2,1,31,1,1,2,1,1,1,1,1,1,2,2,4
719,0,0,20,4,3,6148,2,0,3,2,2,4,1,31,0,1,2,1,1,1,1,1,1,2,2,7
720,1,2,9,4,4,1337,1,1,4,3,2,2,1,34,1,1,2,0,1,1,1,1,1,2,1,2
721,1,0,6,0,0,433,0,1,4,0,2,2,0,24,0,2,1,1,2,0,1,0,1,1,1,1
722,1,1,12,3,2,1228,1,2,4,0,2,2,2,24,1,1,1,3,1,0,1,0,1,1,1,2
723,0,0,9,3,4,790,3,2,4,0,2,3,2,66,1,1,1,3,1,0,1,0,1,5,1,1
724,1,3,27,3,2,2570,1,2,3,0,2,3,2,21,1,2,1,1,1,0,1,0,1,1,3,3
725,0,3,6,1,2,250,0,2,2,0,2,2,2,41,0,1,2,3,1,0,1,0,1,3,1,1
726,0,3,15,1,4,1316,3,2,2,2,2,2,0,47,1,1,2,3,1,0,1,1,1,3,2,2
727,1,1,18,3,4,1882,1,2,4,0,2,4,1,25,0,2,2,1,1,0,1,0,1,1,2,2
728,1,0,48,0,1,6416,1,0,4,0,2,3,3,59,1,2,1,1,1,0,1,0,1,4,4,7
729,0,2,24,1,1,1275,0,2,2,1,2,4,2,36,1,1,2,1,1,1,1,1,1,2,2,2
730,0,0,24,2,4,6403,1,1,1,3,2,2,1,33,1,1,1,1,1,0,1,1,1,2,2,7
731,1,1,24,3,4,1987,1,2,2,3,2,4,2,21,1,2,1,3,2,0,1,1,1,1,2,2
732,0,0,8,3,4,760,1,3,4,0,1,2,2,44,1,1,1,3,1,0,1,0,1,3,1,1
733,0,3,24,3,3,2603,0,2,2,0,2,4,1,28,1,2,1,1,1,1,1,0,1,1,2,3
734,0,3,4,1,2,3380,1,3,1,0,2,1,2,37,1,1,1,1,2,0,1,0,1,2,1,4
735,0,0,36,0,8,3990,4,1,3,0,2,2,3,29,0,1,1,2,1,0,1,0,0,1,3,4
736,1,0,24,3,3,11560,1,2,1,0,2,4,1,23,1,2,2,0,1,0,1,0,1,1,2,12
737,0,1,18,3,2,4380,2,2,3,3,2,4,1,35,1,1,1,3,2,1,1,1,1,2,2,5
738,0,3,6,1,2,6761,1,3,1,3,2,3,3,45,1,1,2,0,2,1,1,1,1,3,1,7
739,1,0,30,4,1,4280,2,2,4,0,2,4,1,26,1,2,2,3,1,0,1,0,1,1,3,5
740,0,1,24,0,2,2325,2,3,2,3,2,3,1,32,0,1,1,1,1,0,1,1,1,2,2,3
741,0,0,10,0,4,1048,1,2,4,3,2,4,2,23,2,1,1,3,1,0,1,1,1,1,1,2
742,0,3,21,3,4,3160,4,0,4,3,2,3,0,41,1,1,1,1,1,1,1,1,1,3,2,4
743,0,1,24,0,7,2483,3,2,4,3,2,4,2,22,2,1,1,1,1,1,1,1,1,1,2,3
744,0,1,39,1,7,14179,4,3,4,3,2,4,0,30,1,1,2,0,1,1,1,1,1,1,4,15
745,0,1,13,1,1,1797,1,1,3,3,2,1,0,28,0,1,2,3,1,0,1,1,1,1,2,2
746,0,1,15,3,2,2511,1,4,1,0,2,4,1,23,1,2,1,1,1,0,1,0,1,1,2,3
747,1,1,12,3,2,1274,1,1,3,0,2,1,2,37,1,1,1,3,1,0,1,0,1,2,1,2
748,0,3,21,3,3,5248,4,2,1,3,2,3,1,26,1,1,1,1,1,0,1,1,1,1,2,6
749,0,3,15,3,3,3029,1,3,2,3,2,2,1,33,1,1,1,1,1,0,1,1,1,2,2,4
750,0,1,6,3,7,428,1,0,2,0,2,1,0,49,0,1,1,1,1,1,1,0,1,3,1,1
751,1,1,18,3,2,976,1,1,1,0,2,2,1,23,1,1,1,3,1,0,1,0,1,1,2,1
752,0,0,12,3,1,841,2,3,2,0,2,4,2,23,1,2,1,3,1,0,1,0,1,1,1,1
753,0,3,30,1,4,5771,1,3,4,0,2,2,1,25,1,1,2,1,1,0,1,0,1,1,3,6
754,1,3,12,2,5,1555,0,0,4,3,2,4,3,55,1,0,2,1,2,0,1,1,1,4,1,2
755,1,1,24,3,2,1285,4,3,4,0,2,4,3,32,1,2,1,1,1,0,1,0,1,2,2,2
756,0,2,6,1,2,1299,1,2,1,3,2,1,2,74,1,1,3,2,2,0,0,1,0,6,1,2
757,1,2,15,1,4,1271,4,2,3,3,2,4,3,39,1,0,2,1,1,1,1,1,1,2,2,2
758,0,3,24,3,2,1393,1,2,2,3,1,2,2,31,1,1,1,1,1,1,1,1,1,2,2,2
759,1,1,12,1,2,691,1,0,4,3,2,3,0,35,1,1,2,1,1,0,1,1,1,2,1,1
760,0,3,15,1,2,5045,4,0,1,0,2,4,1,59,1,1,1,1,1,1,1,0,1,4,2,6
761,1,1,18,1,7,2124,1,2,4,0,2,4,2,24,1,2,2,1,1,0,1,0,1,1,2,3
762,0,1,12,3,4,2214,1,2,4,3,2,3,0,24,1,1,1,3,1,0,1,1,1,1,1,3
763,1,3,21,1,2,12680,4,0,4,3,2,4,3,30,1,0,1,0,1,1,1,1,1,1,2,13
764,0,3,24,1,2,2463,2,3,4,2,2,3,0,27,1,1,2,1,1,1,1,1,1,1,2,3
765,0,0,12,3,4,1155,1,0,3,2,1,3,2,40,0,1,2,3,1,0,1,1,1,2,1,2
766,1,1,30,3,7,3108,1,1,2,1,2,4,0,31,1,1,1,3,1,0,1,1,1,2,3,4
767,0,3,10,3,3,2901,4,1,1,0,2,4,2,31,1,2,1,1,1,0,1,0,1,2,1,3
768,0,0,12,1,7,3617,1,0,1,3,2,4,1,28,1,2,3,1,1,1,1,1,1,1,1,4
769,0,3,12,1,4,1655,1,0,2,3,2,4,2,63,1,1,2,3,1,1,1,1,1,5,1,2
770,0,1,24,3,3,2812,4,0,2,0,2,4,2,26,1,2,1,1,1,0,1,0,1,1,2,3
771,1,1,36,1,0,8065,1,2,3,0,2,2,3,25,1,1,2,0,1,1,1,0,1,1,3,9
772,0,3,21,1,3,3275,1,0,1,3,2,4,1,36,1,1,1,0,1,1,1,1,1,2,2,4
773,0,3,24,1,4,2223,2,0,4,3,2,4,0,52,0,1,2,1,1,0,1,1,1,4,2,3
774,0,2,12,1,2,1480,3,4,2,3,2,4,3,66,0,0,3,2,1,0,1,1,0,5,1,2
775,1,1,24,3,2,1371,4,2,4,0,2,4,2,25,1,2,1,1,1,0,1,0,1,1,2,2
776,0,3,36,1,2,3535,1,3,4,3,2,4,1,37,1,1,2,1,1,1,1,1,1,2,3,4
777,0,1,18,3,4,3509,1,3,4,0,1,1,2,25,1,1,1,1,1,0,1,0,1,1,2,4
778,0,3,36,1,3,5711,0,0,4,3,2,2,1,38,1,1,2,0,1,1,1,1,1,2,3,6
779,0,0,18,3,5,3872,1,4,2,0,2,4,1,67,1,1,1,1,1,1,1,0,1,5,2,4
780,1,0,39,1,4,4933,1,3,2,3,1,2,2,25,1,1,2,1,1,0,1,1,1,1,4,5
781,0,3,24,1,2,1940,0,0,4,3,2,4,2,60,1,1,1,1,1,1,1,1,1,4,2,2
782,0,0,12,4,9,1410,1,2,2,3,2,2,2,31,1,1,1,3,1,1,1,1,1,2,1,2
783,1,0,12,3,2,836,2,1,4,0,2,2,0,23,0,1,1,3,1,0,1,0,1,1,1,1
784,0,0,20,3,3,6468,4,4,1,1,2,4,2,60,1,1,1,0,1,1,1,1,1,4,2,7
785,0,0,18,3,1,1941,0,2,4,3,2,2,0,35,1,1,1,3,1,1,1,1,1,2,2,2
786,0,3,22,3,4,2675,3,0,3,3,2,4,1,40,1,1,1,1,1,0,1,1,1,2,2,3
787,0,3,48,1,3,2751,4,0,4,3,2,3,1,38,1,1,2,1,2,1,1,1,1,2,4,3
788,1,0,48,2,0,6224,1,0,4,3,2,4,3,50,1,0,1,1,1,0,1,1,1,3,4,7
789,1,1,40,1,0,5998,1,2,4,3,2,3,3,27,0,1,1,1,1,1,1,1,1,1,4,6
790,1,0,21,3,1,1188,1,0,2,0,2,4,0,39,1,1,1,1,2,0,1,0,1,2,2,2
791,0,3,24,3,3,6313,4,0,3,3,2,4,1,41,1,1,1,0,2,1,1,1,1,3,2,7
792,0,3,6,1,7,1221,4,2,1,2,2,2,0,27,1,1,2,1,1,0,1,1,1,1,1,2
793,0,2,24,3,7,2892,1,0,3,1,2,4,3,51,1,0,1,1,1,0,1,1,1,4,2,3
794,0,3,24,3,7,3062,3,0,4,3,2,3,3,32,1,2,1,1,1,1,1,1,1,2,2,4
795,0,3,9,3,7,2301,2,1,2,0,2,4,0,22,1,2,1,1,1,0,1,0,1,1,1,3
796,1,1,18,3,3,7511,4,0,1,3,2,4,0,51,1,0,1,1,2,1,1,1,1,4,2,8
797,0,3,12,1,7,1258,1,1,2,0,2,4,0,22,1,2,2,3,1,0,1,0,1,1,1,2
798,0,3,24,2,2,717,4,0,4,2,2,4,1,54,1,1,2,1,1,1,1,1,1,4,2,1
799,0,0,9,3,2,1549,4,1,4,3,2,2,2,35,1,1,1,2,1,0,1,1,0,2,1,2
800,0,3,24,1,0,1597,1,0,4,3,2,4,3,54,1,0,2,1,2,0,1,1,1,4,2,2
801,0,0,18,1,4,1795,1,0,3,0,1,4,2,48,0,2,2,3,1,1,1,0,1,3,2,2
802,0,1,20,1,7,4272,1,0,1,0,2,4,0,24,1,1,2,1,1,0,1,0,1,1,2,5
803,0,3,12,1,4,976,4,0,4,3,2,4,1,35,1,1,2,1,1,0,1,1,1,2,1,1
804,0,0,12,3,2,7472,4,4,1,0,2,2,2,24,1,2,1,2,1,0,1,0,0,1,1,8
805,1,1,36,3,2,9271,1,3,2,3,2,1,1,24,1,1,1,1,1,1,1,1,1,1,3,10
806,0,0,6,3,4,590,1,1,3,2,2,3,2,26,1,1,1,3,1,0,0,1,1,1,1,1
807,0,3,12,1,4,930,4,0,4,3,2,4,2,65,1,1,4,1,1,0,1,1,1,5,1,1
808,0,0,42,0,3,9283,1,4,1,3,2,2,3,55,0,0,1,0,1,1,1,1,1,4,4,10
809,1,0,15,4,2,1778,1,1,2,0,2,1,2,26,1,2,2,2,1,0,1,0,0,1,2,2
810,0,0,8,3,1,907,1,1,3,2,2,2,2,26,1,1,1,1,1,1,1,1,1,1,1,1
811,0,0,6,3,4,484,1,3,3,2,1,3,2,28,0,1,1,3,1,0,1,1,1,1,1,1
812,1,1,36,1,3,9629,1,3,4,3,2,4,1,24,1,1,2,1,1,1,1,1,1,1,3,10
813,1,1,48,3,8,3051,1,2,3,3,2,4,1,54,1,1,1,1,1,0,1,1,1,4,4,4
814,1,1,48,3,2,3931,1,3,4,3,2,4,3,46,1,0,1,1,2,0,1,1,1,3,4,4
815,0,0,36,2,2,7432,1,2,2,0,2,2,0,54,1,2,1,1,1,0,1,0,1,4,3,8
816,0,3,6,3,8,1338,3,2,1,1,2,4,2,62,1,1,1,1,1,0,1,1,1,5,1,2
817,0,3,6,1,4,1554,1,3,1,0,2,2,1,24,1,2,2,1,1,1,1,0,1,1,1,2
818,0,1,36,3,6,15857,1,4,2,1,0,3,1,43,1,1,1,0,1,0,1,1,1,3,3,16
819,1,1,18,3,4,1345,1,2,4,2,2,3,2,26,0,1,1,1,1,0,1,1,1,1,2,2
820,0,3,12,3,2,1101,1,2,3,2,2,2,2,27,1,1,2,1,1,1,1,1,1,1,1,2
821,0,2,12,3,4,3016,1,2,3,2,2,1,1,24,1,1,1,1,1,0,1,1,1,1,1,4
822,1,1,36,3,7,2712,1,0,2,3,2,2,0,41,0,1,1,1,2,0,1,1,1,3,3,3
823,0,1,8,1,2,731,1,0,4,3,2,4,2,47,1,1,2,3,1,0,1,1,1,3,1,1
824,0,3,18,1,7,3780,1,1,3,1,2,2,1,35,1,1,2,0,1,1,1,1,1,2,2,4
825,0,1,21,1,2,1602,1,0,4,2,2,3,1,30,1,1,2,1,1,1,1,1,1,1,2,2
826,1,1,18,1,2,3966,1,0,1,0,2,4,2,33,0,2,3,1,1,1,1,0,1,2,2,4
827,1,3,18,4,1,4165,1,2,2,3,2,2,1,36,2,1,2,1,2,0,1,1,1,2,2,5
828,1,1,36,3,3,8335,4,0,3,3,2,4,3,47,1,0,1,1,1,0,1,1,1,3,3,9
829,0,0,48,2,1,6681,4,2,4,3,2,4,3,38,1,0,1,1,2,1,1,1,1,2,4,7
830,0,3,24,2,1,2375,3,2,4,3,2,2,1,44,1,1,2,1,2,1,1,1,1,3,2,3
831,1,1,18,3,2,1216,1,1,4,0,2,3,1,23,1,2,1,1,1,1,1,0,1,1,2,2
832,1,1,45,4,1,11816,1,0,2,3,2,4,1,29,1,2,2,1,1,0,1,1,1,1,4,12
833,0,0,24,3,4,5084,4,0,2,0,2,4,1,42,1,1,1,1,1,1,1,0,1,3,2,6
834,1,2,15,3,4,2327,1,1,2,0,2,3,2,25,1,1,1,3,1,0,1,0,1,1,2,3
835,1,1,12,4,2,1082,1,2,4,3,2,4,1,48,0,1,2,1,1,0,1,1,1,3,1,2
836,0,3,12,3,4,886,4,2,4,0,2,2,1,21,1,1,1,1,1,0,1,0,1,1,1,1
837,0,3,4,3,7,601,1,1,1,0,2,3,2,23,1,2,1,3,2,0,1,0,1,1,1,1
838,0,1,24,1,3,2957,1,0,4,3,2,4,0,63,1,1,2,1,1,1,1,1,1,5,2,3
839,0,3,24,1,4,2611,1,0,4,2,0,3,2,46,1,1,2,1,1,0,1,1,1,3,2,3
840,1,1,36,3,7,5179,1,3,4,3,2,2,0,29,1,1,1,1,1,0,1,1,1,1,3,6
841,0,3,21,2,3,2993,1,2,3,3,2,2,2,28,2,1,2,3,1,0,1,1,1,1,2,3
842,1,3,18,3,5,1943,1,1,4,0,2,4,2,23,1,1,1,1,1,0,1,0,1,1,2,2
843,0,3,24,0,1,1559,1,3,4,3,2,4,1,50,0,1,1,1,1,1,1,1,1,3,2,2
844,0,3,18,3,7,3422,1,0,4,3,2,4,0,47,0,1,3,1,2,1,1,1,1,3,2,4
845,0,0,21,3,7,3976,4,3,2,3,2,3,1,35,1,1,1,1,1,1,1,1,1,2,2,4
846,1,3,18,3,2,6761,4,2,2,3,2,4,1,68,1,2,2,1,1,0,1,1,1,5,2,7
847,0,3,24,3,2,1249,1,1,4,2,2,2,2,28,1,1,1,1,1,0,1,1,1,1,2,2
848,0,1,9,3,4,1364,1,3,3,3,2,4,2,59,1,1,1,1,1,0,1,1,1,4,1,2
849,1,1,12,3,4,709,1,0,4,3,2,4,2,57,2,1,1,3,1,0,1,1,1,4,1,1
850,1,1,20,1,2,2235,1,2,4,2,1,2,0,33,0,2,2,1,1,0,0,1,1,2,2,3
851,0,3,24,1,3,4042,4,3,3,3,2,4,0,43,1,1,2,1,1,1,1,1,1,3,2,5
852,0,3,15,1,4,1471,1,2,4,3,2,4,3,35,1,0,2,1,1,1,1,1,1,2,2,2
853,1,1,18,0,2,1442,1,3,4,3,2,4,3,32,1,0,2,3,2,0,1,1,1,2,2,2
854,0,3,36,2,2,10875,1,0,2,3,2,2,1,45,1,1,2,1,2,1,1,1,1,3,3,11
855,0,3,24,3,2,1474,2,1,4,2,2,3,2,33,1,1,1,1,1,1,1,1,1,2,2,2
856,0,3,10,3,9,894,4,3,4,0,2,3,0,40,1,1,1,1,1,1,1,0,1,2,1,1
857,0,3,15,1,7,3343,1,2,4,3,2,2,3,28,1,0,1,1,1,1,1,1,1,1,2,4
858,1,1,15,3,2,3959,1,2,3,0,2,2,0,29,1,1,1,1,1,1,1,0,1,1,2,4
859,0,3,9,3,2,3577,2,2,1,3,1,2,2,26,1,2,1,1,2,0,0,1,1,1,1,4
860,0,3,24,1,3,5804,0,2,4,3,2,2,2,27,1,1,2,1,1,0,1,1,1,1,2,6
861,1,3,18,2,1,2169,1,2,4,2,2,2,1,28,1,1,1,1,1,1,1,1,1,1,2,3
862,1,1,24,3,4,2439,1,1,4,0,2,4,2,35,1,1,1,1,1,1,1,0,1,2,2,3
863,0,3,27,1,7,4526,0,1,4,3,2,2,2,32,2,1,2,3,2,1,1,1,1,2,3,5
864,1,3,10,3,7,2210,1,2,2,3,2,2,2,25,0,2,1,3,1,0,1,1,1,1,1,3
865,0,3,15,3,7,2221,3,2,2,0,2,4,1,20,1,2,1,1,1,0,1,0,1,1,2,3
866,0,1,18,3,4,2389,1,1,4,0,2,1,1,27,2,1,1,1,1,0,1,0,1,1,2,3
867,0,3,12,1,7,3331,1,0,2,3,2,4,0,42,2,1,1,1,1,0,1,1,1,3,1,4
868,0,3,36,3,1,7409,4,0,3,3,2,2,0,37,1,1,2,1,1,0,1,1,1,2,3,8
869,0,1,12,3,7,652,1,0,4,0,2,4,0,24,1,2,1,1,1,0,1,0,1,1,1,1
870,0,3,36,2,7,7678,3,3,2,0,2,4,1,40,1,1,2,1,1,1,1,0,1,2,3,8
871,0,2,6,1,2,1343,1,0,1,3,2,4,2,46,1,1,2,1,2,0,0,1,1,3,1,2
872,0,1,24,1,1,1382,2,3,4,3,2,1,2,26,1,1,2,1,1,1,1,1,1,1,2,2
873,0,3,15,3,8,874,4,1,4,0,2,1,2,24,1,1,1,1,1,0,1,0,1,1,2,1
874,0,1,12,3,7,3590,1,2,2,3,0,2,0,29,1,1,1,3,2,0,1,1,1,1,1,4
875,0,0,11,1,2,1322,0,2,4,0,2,4,1,40,1,1,2,1,1,0,1,0,1,2,1,2
876,0,1,18,0,4,1940,1,1,3,3,0,4,3,36,0,0,1,0,1,1,1,1,1,2,2,2
877,0,3,36,3,4,3595,1,0,4,3,2,2,1,28,1,1,1,1,1,0,1,1,1,1,3,4
878,1,1,9,3,2,1422,1,1,3,3,2,2,3,27,1,0,1,0,1,1,1,1,1,1,1,2
879,0,3,30,1,4,6742,4,3,2,3,2,3,0,36,1,1,2,1,1,0,1,1,1,2,3,7
880,0,3,24,3,3,7814,1,3,3,3,2,3,1,38,1,1,1,0,1,1,1,1,1,2,2,8
881,0,3,24,3,3,9277,4,2,2,1,2,4,3,48,1,0,1,1,1,1,1,1,1,3,2,10
882,0,0,30,1,2,2181,4,0,4,3,2,4,2,36,1,1,2,1,1,0,1,1,1,2,3,3
883,0,3,18,1,4,1098,1,4,4,0,2,4,1,65,1,1,2,2,1,0,1,0,0,5,2,2
884,1,0,24,3,7,4057,1,3,3,1,2,3,1,43,1,1,1,1,1,1,1,1,1,3,2,5
885,1,1,12,3,0,795,1,1,4,0,2,4,0,53,1,1,1,1,1,0,1,0,1,4,1,1
886,0,0,24,1,1,2825,4,3,4,3,2,3,3,34,1,1,2,1,2,1,1,1,1,2,2,3
887,1,0,48,3,1,15672,1,2,2,3,2,2,1,23,1,1,1,1,1,1,1,1,1,1,4,16
888,0,3,36,1,2,6614,1,0,4,3,2,4,1,34,1,1,2,0,1,1,1,1,1,2,3,7
889,0,3,28,0,3,7824,4,1,3,3,1,4,2,40,0,2,2,1,2,1,1,1,1,2,3,8
890,0,1,27,1,1,2442,1,0,4,3,2,4,1,43,2,1,4,0,2,1,1,1,1,3,3,3
891,0,3,15,1,4,1829,1,0,4,3,2,4,1,46,1,1,2,1,1,1,1,1,1,3,2,2
892,0,1,12,1,2,2171,1,2,4,3,2,4,0,38,0,1,2,3,1,0,0,1,1,2,1,3
893,0,0,36,1,3,5800,1,2,3,3,2,4,1,34,1,1,2,1,1,1,1,1,1,2,3,6
894,0,3,18,1,4,1169,4,2,4,3,2,3,0,29,1,1,2,1,1,1,1,1,1,1,2,2
895,0,3,36,2,3,8947,4,3,3,3,2,2,1,31,2,1,1,0,2,1,1,1,1,2,3,9
896,0,1,21,3,4,2606,1,1,4,0,2,4,0,28,1,2,1,0,1,1,1,0,1,1,2,3
897,0,3,12,1,7,1592,0,3,3,0,2,2,0,35,1,1,1,1,1,0,0,0,1,2,1,2
898,0,3,15,3,7,2186,4,3,1,0,2,4,2,33,0,2,1,3,1,0,1,0,1,2,2,3
899,1,1,18,3,7,4153,1,2,2,3,0,3,1,42,1,1,1,1,1,0,1,1,1,3,2,5
900,1,1,16,1,2,2625,1,0,2,3,1,4,0,43,0,2,1,1,1,1,1,1,1,3,2,3
901,0,3,20,1,2,3485,4,1,2,1,2,4,2,44,1,1,2,1,1,1,1,1,1,3,2,4
902,0,3,36,1,3,10477,4,0,2,3,2,4,3,42,1,0,2,1,1,0,1,1,1,3,3,11
903,0,3,15,3,4,1386,4,2,4,2,2,2,2,40,1,2,1,1,1,1,1,1,1,2,2,2
904,0,3,24,3,4,1278,1,0,4,3,2,1,2,36,1,1,1,0,1,1,1,1,1,2,2,2
905,0,1,12,3,4,1107,1,2,2,3,2,2,2,20,1,2,1,0,2,1,1,1,1,1,1,2
906,0,1,21,3,2,3763,4,3,2,3,0,2,2,24,1,1,1,3,1,0,0,1,1,1,2,4
907,0,0,36,3,0,3711,4,2,2,2,2,2,1,27,1,1,1,1,1,0,1,1,1,1,3,4
908,0,3,15,2,3,3594,1,1,1,0,2,2,0,46,1,1,2,3,1,0,1,0,1,3,2,4
909,0,0,9,3,2,3195,4,2,1,0,2,2,2,33,1,1,1,3,1,0,1,0,1,2,1,4
910,0,3,36,2,4,4454,1,2,4,0,2,4,2,34,1,1,2,1,1,0,1,0,1,2,3,5
911,1,0,24,1,7,4736,1,1,2,0,2,4,1,25,0,1,1,3,1,0,1,0,1,1,2,5
912,0,0,30,3,4,2991,4,0,2,0,2,4,1,25,1,1,1,1,1,0,1,0,1,1,3,3
913,0,3,11,3,1,2142,0,0,1,1,2,2,2,28,1,1,1,1,1,1,1,1,1,1,1,3
914,1,1,24,0,1,3161,1,2,4,3,2,2,0,31,1,2,1,1,1,1,1,1,1,2,2,4
915,1,0,48,4,6,18424,1,2,1,0,2,2,0,32,0,1,1,0,1,1,0,0,1,2,4,19
916,0,3,10,3,3,2848,2,2,1,3,0,2,2,32,1,1,1,1,2,0,1,1,1,2,1,3
917,1,1,6,3,2,14896,1,0,1,3,2,4,3,68,0,1,1,0,1,1,1,1,1,5,1,15
918,1,1,24,3,7,2359,2,4,1,1,2,1,0,33,1,1,1,1,1,0,1,1,1,2,2,3
919,1,1,24,3,7,3345,1,0,4,3,2,2,0,39,1,2,1,0,1,1,1,1,1,2,2,4
920,0,3,18,1,7,1817,1,2,4,0,2,2,3,28,1,1,2,1,1,0,1,0,1,1,2,2
921,0,3,48,2,4,12749,3,3,4,3,2,1,1,37,1,1,1,0,1,1,1,1,1,2,4,13
922,1,1,9,3,4,1366,1,1,3,0,2,4,0,22,1,2,1,1,1,0,1,0,1,1,1,2
923,0,0,12,3,2,2002,1,3,3,3,2,4,0,30,1,2,1,1,2,1,1,1,1,1,1,3
924,1,1,24,0,7,6872,1,1,2,1,2,1,0,55,0,1,1,1,1,1,1,1,1,4,2,7
925,1,1,12,0,2,697,1,1,4,3,2,2,1,46,0,1,2,1,1,1,1,1,1,3,1,1
926,0,1,18,1,7,1049,1,1,4,0,2,4,0,21,1,2,1,1,1,0,1,0,1,1,2,2
927,1,1,48,3,3,10297,1,3,4,3,2,4,3,39,2,0,3,1,2,1,1,1,1,2,4,11
928,0,3,30,3,4,1867,4,0,4,3,2,4,1,58,1,1,1,1,1,1,1,1,1,4,3,2
929,0,1,12,2,2,1344,1,2,4,3,2,2,2,43,1,1,2,3,2,0,1,1,1,3,1,2
930,0,1,24,3,7,1747,1,1,4,3,0,1,0,24,1,1,1,3,1,0,0,1,1,1,2,2
931,1,0,9,3,4,1670,1,1,4,0,2,2,1,22,1,1,1,1,1,1,1,0,1,1,1,2
932,0,3,9,1,2,1224,1,2,3,3,2,1,2,30,1,1,2,1,1,0,1,1,1,1,1,2
933,0,3,12,1,4,522,3,0,4,3,2,4,0,42,1,1,2,1,2,1,1,1,1,3,1,1
934,0,1,12,3,4,1498,1,2,4,0,2,1,1,23,0,1,1,1,1,0,1,0,1,1,1,2
935,1,0,30,2,4,1919,2,1,4,3,2,3,3,30,2,1,2,0,1,0,1,1,1,1,3,2
936,1,2,9,3,4,745,1,2,3,0,2,2,2,28,1,1,1,3,1,0,1,0,1,1,1,1
937,0,0,6,3,4,2063,1,1,4,2,2,3,1,30,1,2,1,0,1,1,1,1,1,1,1,3
938,1,0,60,3,0,6288,1,2,4,3,2,4,3,42,1,0,1,1,1,0,1,1,1,3,5,7
939,0,3,24,1,3,6842,4,2,2,3,2,4,0,46,1,1,2,0,2,1,1,1,1,3,2,7
940,0,3,12,3,2,3527,4,1,2,3,2,3,0,45,1,1,1,0,2,1,1,1,1,3,1,4
941,0,3,10,3,2,1546,1,2,3,3,2,2,2,31,1,1,1,3,2,0,0,1,1,2,1,2
942,0,3,24,3,7,929,4,3,4,3,2,2,1,31,2,1,1,1,1,1,1,1,1,2,2,1
943,0,3,4,1,2,1455,1,3,2,3,2,1,2,42,1,1,3,3,2,0,1,1,1,3,1,2
944,0,1,15,3,7,1845,1,1,4,0,1,1,0,46,1,2,1,1,1,0,1,0,1,3,2,2
945,0,0,48,4,2,8358,3,1,1,0,2,1,1,30,1,1,2,1,1,0,1,0,1,1,4,9
946,1,1,24,0,7,3349,3,1,4,3,2,4,3,30,1,0,1,1,2,1,1,1,1,1,2,4
947,0,3,12,3,2,2859,4,4,4,3,2,4,3,38,1,1,1,0,1,1,1,1,1,2,1,3
948,1,3,18,3,7,1533,1,1,4,2,0,1,0,43,1,1,1,3,2,0,1,1,1,3,2,2
949,1,3,24,3,4,3621,2,0,2,3,2,4,1,31,1,1,2,1,1,0,1,1,1,2,2,4
950,0,0,18,1,1,3590,1,4,3,2,2,3,1,40,1,1,3,2,2,1,1,1,0,2,2,4
951,1,1,36,2,1,2145,1,3,2,3,2,1,1,24,1,1,2,1,1,1,1,1,1,1,3,3
952,1,0,24,3,3,4113,3,1,3,0,2,4,1,28,1,2,1,1,1,0,1,0,1,1,2,5
953,1,3,36,3,7,10974,1,4,4,0,2,2,1,26,1,1,2,0,1,1,1,0,1,1,3,11
954,0,1,12,3,2,1893,1,2,4,0,1,4,0,29,1,1,1,1,1,1,1,0,1,1,1,2
955,0,1,24,1,4,1231,0,0,4,0,2,4,0,57,1,2,2,0,1,1,1,0,1,4,2,2
956,0,2,30,1,4,3656,4,0,4,3,2,4,0,49,2,1,2,3,1,0,1,1,1,3,3,4
957,0,0,9,1,4,1154,1,0,2,3,2,4,2,37,1,1,3,3,1,0,1,1,1,2,1,2
958,1,1,28,3,2,4006,1,2,3,3,2,2,1,45,1,1,1,3,1,0,1,1,1,3,3,5
959,0,0,24,3,7,3069,2,0,4,3,2,4,3,30,1,0,1,1,1,0,1,1,1,1,2,4
960,0,3,6,1,4,1740,1,0,2,2,2,2,2,30,1,2,2,1,1,0,1,1,1,1,1,2
961,0,0,21,2,2,2353,1,2,1,1,2,4,0,47,1,1,2,1,1,0,1,1,1,3,2,3
962,0,3,15,3,2,3556,4,2,3,3,2,2,3,29,1,1,1,1,1,0,1,1,1,1,2,4
963,1,3,24,3,4,2397,3,0,3,3,2,2,1,35,0,1,2,1,1,1,1,1,1,2,2,3
964,0,0,6,3,5,454,1,1,3,2,2,1,0,22,1,1,1,3,1,0,1,1,1,1,1,1
965,0,0,30,3,4,1715,4,2,4,0,2,1,1,26,1,1,1,1,1,0,1,0,1,1,3,2
966,1,0,27,1,4,2520,3,2,4,3,2,2,0,23,1,1,2,3,1,0,1,1,1,1,3,3
967,0,3,15,3,4,3568,1,0,4,0,2,2,1,54,0,2,1,0,1,1,1,0,1,4,2,4
968,0,3,42,3,4,7166,4,3,2,2,2,4,0,29,1,2,1,1,1,1,1,1,1,1,4,8
969,0,1,11,1,2,3939,1,2,1,3,2,2,2,40,1,1,2,3,2,0,1,1,1,2,1,4
970,0,0,15,3,5,1514,2,2,4,3,1,2,2,22,1,1,1,1,1,0,1,1,1,1,2,2
971,0,3,24,3,2,7393,1,2,1,3,2,4,0,43,1,1,1,3,2,0,1,1,1,3,2,8
972,1,1,24,0,2,1193,1,4,1,0,0,4,3,29,1,2,2,2,1,0,1,0,0,1,2,2
973,1,1,60,3,1,7297,1,0,4,3,0,4,3,36,1,2,1,1,1,0,1,1,1,2,5,8
974,0,3,30,1,4,2831,1,2,4,0,2,2,1,33,1,1,1,1,1,1,1,0,1,2,3,3
975,0,2,24,3,4,1258,3,2,3,0,2,3,1,57,1,1,1,3,1,0,1,0,1,4,2,2
976,0,0,6,3,4,753,1,2,2,0,1,3,2,64,1,1,1,1,1,0,1,0,1,5,1,1
977,0,0,18,2,1,2427,4,0,4,3,2,2,0,42,1,1,2,1,1,0,1,1,1,3,2,3
978,1,3,24,2,2,2538,1,0,4,3,2,4,1,47,1,1,2,3,2,0,1,1,1,3,2,3
979,1,0,15,0,2,1264,2,2,2,2,2,2,0,25,1,2,1,1,1,0,1,1,1,1,2,2
980,1,0,30,1,7,8386,1,3,2,3,2,2,0,49,1,1,1,1,1,0,1,1,1,3,3,9
981,1,3,48,3,1,4844,1,4,3,3,2,2,1,33,0,2,1,0,1,1,1,1,1,2,4,5
982,0,2,21,3,2,2923,2,2,1,0,2,1,1,28,0,1,1,0,1,1,1,0,1,1,2,3
983,1,1,36,3,3,8229,1,2,2,3,2,2,0,26,1,1,1,1,2,0,1,1,1,1,3,9
984,0,3,24,1,7,2028,1,3,2,3,2,2,0,30,1,1,2,3,1,0,1,1,1,1,2,3
985,0,1,15,1,7,1433,1,2,4,0,2,3,0,25,1,2,2,1,1,0,1,0,1,1,2,2
986,0,2,42,4,1,6289,1,1,2,1,2,1,0,33,1,1,2,1,1,0,1,1,1,2,4,7
987,0,3,13,3,4,1409,2,4,2,0,2,4,2,64,1,1,1,1,1,0,1,0,1,5,2,2
988,0,1,24,3,3,6579,1,4,4,3,2,2,3,29,1,0,1,0,1,1,1,1,1,1,2,7
989,0,0,24,1,4,1743,1,0,4,3,2,2,0,48,1,1,2,3,1,0,1,1,1,3,2,2
990,0,3,12,1,0,3565,4,1,2,3,2,1,0,37,1,1,2,3,2,0,1,1,1,2,1,4
991,0,3,15,0,4,1569,2,0,4,3,2,4,1,34,0,1,1,3,2,0,1,1,1,2,2,2
992,0,1,18,3,4,1936,4,3,2,2,2,4,1,23,1,2,2,3,1,0,1,1,1,1,2,2
993,0,1,36,3,7,3959,1,4,4,3,2,3,0,30,1,1,1,0,1,1,1,1,1,1,3,4
994,0,3,12,3,2,2390,4,0,4,3,2,3,1,50,1,1,1,1,1,1,1,1,1,3,1,3
995,0,3,12,3,7,1736,1,3,3,0,2,4,2,31,1,1,1,3,1,0,1,0,1,2,1,2
996,0,1,30,3,3,3857,1,2,4,1,2,4,0,40,1,1,1,0,1,1,1,1,1,2,3,4
997,0,3,12,3,4,804,1,0,4,3,2,4,1,38,1,1,1,1,1,0,1,1,1,2,1,1
998,1,1,45,3,4,1845,1,2,4,3,2,4,3,23,1,0,1,1,1,1,1,1,1,1,4,2
999,0,0,45,1,3,4576,2,4,3,3,2,4,1,27,1,1,1,1,1,0,1,1,1,1,4,5
